0.492444082566784
0.380825164344373
0.510892000734818
0.236919474735004
0.521906825594671
0.431319767808836
0.202381522335472
0.390085322075571
0.449795865572629
0.0459008783518174
0.493193090336917
0.365206417009993
0.434433165837379
0.227462965812403
0.489865828873413
0.458068843226461
0.490815167920984
0.30049554545764
0.128888806590745
0.211304957310846
0.0400242935682364
0.1861186961807
0.390572013450644
0.188872699760942
0.504245328467316
0.264163893571711
0.169216042132742
0.338451009087086
0.493134762592387
0.260851309029421
0.505995728877327
0.280369084388259
0.328867642050283
0.485560322840541
0.316141769338348
0.51476774767457
0.278736676818751
0.308204773631539
0.252620367625856
0.01449509328733
0.283030199099796
0.273616742491995
0.0685136207556646
0.416536645235842
0.319993374223181
NaN
0.00740568594185371
0.319993374223181
0.38773241145929
0.148299290179075
0.147547078098627
0.16878072308099
0.440795111715397
0.292363091796054
0.435319074141711
0.493134762592387
0.15260706042919
0.493193090336917
0.424189610620781
0.440795111715397
0.263854003140908
0.464382224890842
0.479221037420887
0.487636752200218
0.466542233293384
0.145203212083655
0
0.0779816869115943
0.463221408952534
0.0733052700126678
0.0018419237009324
0.473456938250083
0.00270865962488228
0.491511932988784
0.170785470440375
0.0624137753131375
0.440795111715397
0.405775083692039
0.132866646117108
0.120962340116804
0.453156994863965
0.466542233293384
0.243789359144093
NaN
0.454403026101582
0.262915803100788
0.463894966401831
0.0751993811334423
0.416287514514784
0.1861186961807
0.112944968913703
0.0882919289427742
0.377809717189461
0.328867642050283
0.416646427906032
0.456235283571454
0.440795111715397
0.51929952804128
0.089488588372567
0.273882876334059
0.405988298724789
0.434433165837379
0.014745900647765
0.485935340147812
0.505500439815975
0.1582098418222
NaN
0.320924167655472
0.500143445753508
0.452628364862321
0.385662391922264
0.475260774127577
0.325115452356545
0.0139730896007781
0.405988298724789
0.113079067501109
0.0881017478154549
0.0779835781504439
0.174199138996284
0.16878072308099
0.503419644202769
0.0952644613421722
0.0255750679238648
0.0058531142136241
0.00257394248548629
0.41236428842686
0.493786910225236
0.256011678579401
0.25609606476274
0.0841866829501121
0.0831160520111569
0.283514925344706
0.182230248066036
0.456235283571454
0.0339932229782366
0.365206417009993
0.235839279523235
0.089488588372567
0.248651901336517
0.153675086380489
0.350478766710411
0.365206417009993
0.0467844761824369
0.514762548548457
0.328867642050283
0.340994717986131
0.365603348371021
0.499783659885327
0.0922120756895004
0.117739252136246
0.356806625548837
0.179015772167401
0.453156994863965
0.0813891685745306
0.49454678936484
0.0237208698500606
0.159331757278472
0.306802543561405
0.300826082780331
0.245786591121796
0.354327802201925
0.428549807142132
0.360375704619877
0.277263614729129
0.0716036165405995
0.280369084388259
0.30470264528968
0.135008808415313
0.443486523601981
0.278638244929947
0.499783659885327
0.47494490974102
0.0635790420505505
0.0881017478154549
0.152393478739747
0.487636752200218
0.131305379555776
0.0771215180704408
0
0.0745259453387109
0.328867642050283
0.0175979646764846
0.404035084347049
0.434433165837379
0.440795111715397
0.517186821606182
0.036391128160716
5.36857922528957e-64
0.389886473357487
0.50873737302761
0.463894966401831
0
0.319993374223181
0.473383385123625
0.50233111116746
0.211972978109529
0.320828707778217
0.199689811427307
0.109133545244283
0.390572013450644
0.483296628784041
0.105077601197643
0.153675086380489
0.396696352690635
0.165484586583769
0.152393478739747
0.159331757278472
0
0.240050340806843
NaN
3.2027777125019e-60
0.481962581681603
0.124128204231915
0.111846516958566
0.386833227830742
0.502303324855352
0.321036936573534
0.341792968240435
0.377809717189461
0.0779816869115943
0.242554284232774
0.466542233293384
0.018736856346605
0.497146404991345
0.170785470440375
0.129482238191354
0.120962340116804
0.255018429406744
0.32493226901267
0.449486046637238
0.424869010905658
0.523774899504657
0.0101905091359489
0.460095720382184
NaN
0.510892000734818
0.120962340116804
0.124390237231544
0.0711675940116766
0.463894966401831
0.289292876106886
0.514037062957759
0.458068843226461
0.514037062957759
0.254121676301736
0
0.456714431612908
0.349645334742198
0.332098811991353
NaN
0.0517004849116323
0.173989388531946
0.341792968240435
0.485985603587767
0.0831160520111569
0.196487353373013
0.377809717189461
3.2027777125019e-60
0.365230200985502
0.390572013450644
0.386833227830742
0.431319767808836
0.382096671763297
0.155568709687824
0.528276621433047
0.0711675940116766
0.504159616202205
0.0180989289667073
0.476144770682706
0.126098380705329
0.374257683293093
0.288794493890362
0.122656326271313
0.389886473357487
0.492444082566784
0.334220443636794
0.340429839128222
0.435297878569201
0.281492911236834
0.20838509757627
0.260851309029421
0.381469084041366
0.216632490220824
0.422186163900489
0.160767137973164
0.00312885656360686
0.411971908355343
0.370684174839029
0.426668212877908
0.487636752200218
0.45298349126242
0.03925713800733
0.229661180841518
0.049946314220526
0.484405763380086
0.512108827962189
0.264660415352411
0.510892000734818
0.0989633728432122
0.217440322967649
0.255912309877988
0.146574576769481
0.51476774767457
0.389886473357487
0.0888580386044681
0.254121676301736
0.0922521520614787
0.51476774767457
0.0618143803321814
0.280017181981321
0.207066825731928
0.120962340116804
0.0304351601618133
0.0491158132438675
0.351151901418069
0.336622813032238
0
0.364225134421213
0.526082803971019
0.209949252191328
0.000630263733263619
0.365806433353634
0.00520814636858756
0.230223858181221
0.460264319196603
0.239301258376474
0.294308100646409
0.275916660587894
0.434433165837379
0.399399088074995
0.00418072096824669
0.374257683293093
NaN
0.493193090336917
0.367994073464892
0.446109384805285
0.121143593442438
0.0105955965976898
0.319993374223181
0.434433165837379
0.434433165837379
0.282480882986337
0.197876625966414
NaN
0.0972240012939043
0.389502923491806
0.188620052091916
0.100286838288052
0.289292876106886
0.493134762592387
0.432233379755035
0.332079286504299
0.498161517055125
0.305421619702657
0.156276670518371
0.352244401194057
0.000269322658675947
0.501580640221555
0.122656326271313
0.487636752200218
0.390572013450644
0.210359070619209
0.397184646674239
0.463221408952534
0.377809717189461
0.313029862470219
0.176476759844313
0.00428346444701987
0.368653334142719
0.326955688569111
0.528276621433047
0.264674696151787
0.0237232726525863
0.0733052700126678
0.0472149744509611
0.0902686722591561
0.493193090336917
0.164883545638516
0
0.426012479419624
0.350478766710411
0.0396500429593441
0.410771926940972
0.0932155617690597
0.000275163529911597
0.514037062957759
0.389886473357487
0.435308722271636
0.481613960780498
0.397184646674239
3.16098876313689e-62
0.472522234599066
0.0907552205934747
0.434433165837379
0.44271781420997
0.0522457813502121
0.44023917824974
0.32852146100648
4.05785248923932e-57
0.0751993811334423
0.153675086380489
0.405988298724789
0.187405512915859
0.427561280860899
0.435308722271636
0.509106682818298
0.359254310823805
0.0524920390684299
0.367212432373777
0.0662249770652605
0.4932203509124
0.122489460536135
1.47685706929302e-05
0.112187985385215
0.367947165017656
0.434433165837379
0.500313757833438
0.313029862470219
0.377538984909777
0.153675086380489
0.342763861986284
0.517477994489187
0.16185344723737
NaN
0
0.454582403344743
0.503527965130628
0.0418033512282648
0.0914832486438511
0.365603348371021
0.485985603587767
0.283030199099796
0.508821489515059
0.110758667403238
0.0711675940116766
0.434433165837379
0.155167652057984
0.485935340147812
0.223099245485352
0.0393437529551571
0.434433165837379
0.280696500194925
0
0.254121676301736
0.218702737490988
0.203457165595704
0.0391550412708133
0.252976149110551
8.60783791846203e-64
0.0349645115297386
0.474635149888831
0.263314528772694
0.440795111715397
0.158812403275921
0.208683089580111
0.371166229885362
0.510892000734818
0.264674696151787
0.453878370779229
0.120962340116804
0.458068843226461
0.464119568394044
0.237961717168353
0.0470768578928788
0.47494490974102
0.0141516022550559
0.0126499356568722
0.145716482774852
0.315937618068319
0.380825164344373
0.322932948785107
0.341149734985124
2.9279490981802e-60
0.502303324855352
0.283632938956625
0.0256844782710372
0.397184646674239
0.370684174839029
0.328867642050283
0.263854003140908
0.0819951342725689
0.320828707778217
0.411748971665637
0.457809028876718
0.390572013450644
0.335594082879209
0.462671954721913
0.45028828561214
0
0.485935340147812
0.512641997896733
0.113945520620394
0.32493226901267
0.434433165837379
0.458068843226461
0.462671954721913
0.207850511777872
0.43829506305103
0.485935340147812
0.437328790798943
0.378844391517437
0.128888806590745
0.262828233875192
0.0888802427996547
0.502303324855352
0.01449509328733
0.161995931435345
0.491704916820907
0.521707619257931
0.505500439815975
0.397184646674239
0.315937618068319
0.333003338107397
0.199614465871121
0.352244401194057
0.514037062957759
0.33503196076021
0.491511932988784
0.260851309029421
0.00441318765077216
0.217440322967649
0.264674696151787
0.416287514514784
0.456587949070136
0.216632490220824
0.365206417009993
0.242469484002171
0.509578016769471
0.30334630819304
0.463685226294218
0.0101905091359489
0.374257683293093
0.113079067501109
0.239565737605284
0.0716036165405995
0.205914568160664
0.113945520620394
0.456714431612908
0.256011678579401
0.520749394763968
0.147547078098627
0.119315288262134
0.159331757278472
0.0180989289667073
0.464024518033016
0.120962340116804
0
0.485560322840541
0.493676228051602
0.414741653770022
0.287934421917005
0.467447635759892
0.484661320609816
0.315350989775897
0.401748009736107
0.0683034729560787
0.435297878569201
0.168273370780739
0.298283407819915
0.255912309877988
0.0235284338295578
0.000701356589251591
0.208683089580111
0.483500545559505
0.0202889141707422
0.0591885519677041
NaN
0.365206417009993
0.109133545244283
0.352244401194057
0.307266898982762
0.210359070619209
0.32719457643507
0.0883198839751133
0.116094797075459
0.407171419763847
NaN
0.18040589451217
0.397184646674239
0.0888802427996547
0.239565737605284
NaN
0.0343264264338314
0.190381570991054
0.0841866829501121
0.332079286504299
0.3148476335188
2.61636426549186e-62
0.209949252191328
0.207726652008179
0.0733052700126678
0.521013893986308
0.434433165837379
0.289292876106886
0.0301965057076081
0.35518556964857
0.333034578336459
0.262828233875192
0.512108827962189
0.0121790382823199
0.440795111715397
0.356806625548837
NaN
0.353244693752295
0.268047324577363
0.013857060123085
0.463221408952534
0.179916640742583
0.105077601197643
0.354327802201925
0.320828707778217
0.0468918322667476
0.18424059755531
0.132442376539981
0.29482772380187
NaN
0.501302029944182
0.30975002575535
0.0101905091359489
0.463894966401831
0.460185184270425
0.51929952804128
0.289292876106886
0.25609606476274
0
0.440795111715397
0.473383385123625
0.0517004849116323
0.158462491554781
0.381298622258402
0.367994073464892
0.356806625548837
0.440795111715397
0.193439318208522
0.0299622013943729
0.00123681200356972
0.151975990314733
0.52747452897269
0.0448599925354543
0.528276621433047
0.152393478739747
0.000824571866748136
0.481732283288119
0.0881017478154549
0.0637258535413954
0.0471182755949328
0.517422388672821
0.0338166720928991
0.309259236221355
0.397184646674239
0.00752382408238861
0.00920356086944248
0.275916660587894
0.219738227728232
0.000312760664092951
0.333003338107397
0.434368526379915
0.435319074141711
4.77040643047197e-65
0.417831830127167
0.171019448893842
0.307266898982762
0.352244401194057
0.0517004849116323
0.505500439815975
0.449486046637238
0.493676228051602
0.0624137753131375
0.514037062957759
0.434433165837379
0.00740568594185371
0.360913425861554
NaN
0.0874164104422282
0.209949252191328
0.0637258535413954
0.193439318208522
0.126098380705329
0.512965128019331
0.255141013437937
0.377809717189461
0.153675086380489
0.32493226901267
0.347110833718183
0.521275481600635
0.365603348371021
0.280369084388259
0.384891189542357
0.390085322075571
0.510892000734818
0.505500439815975
0.461825110556458
0.0299622013943729
NaN
0.0618143803321814
0.0467627678822936
0.321995878194431
0.505500439815975
0.434433165837379
0.020800791204337
0.145716482774852
0.285802400635153
0.30470264528968
0.0952644613421722
0.484661320609816
0.464382224890842
0.514037062957759
0.462671954721913
0.280369084388259
0.476108963345514
0.389502923491806
0.434433165837379
0.456235283571454
0.342815457638202
0.334220443636794
0.463894966401831
0.210030424808511
0.367947165017656
3.68833644694293e-64
0.434982276982616
0.0257760553237919
0.365603348371021
0.201218552227867
0.497395768408179
0.523291997945838
0.260851309029421
NaN
0.289292876106886
0.0831160520111569
0.158283613413769
0.0058520228297611
0.0733052700126678
0.49454678936484
0.514037062957759
0.405988298724789
0.408038473822464
0.0874164104422282
0.190269944482828
0.0207415256490215
0.397184646674239
0.169216042132742
0.0713825777365456
NaN
0.193439318208522
0.526082803971019
0
0.140377486464646
0.216632490220824
0.380825164344373
0.190269944482828
0.224464849169385
0.405988298724789
NaN
0.278638244929947
0.377809717189461
0.256548044825683
0.41321690136919
0.321036936573534
0.417841778740386
0.322932948785107
0.400118098696718
NaN
0.276483764253636
0.500882933320026
0.521906825594671
0.217440322967649
0.433737022184572
0.289292876106886
0.464382224890842
0.481772261365013
0.264674696151787
0.434804521096253
0.316141769338348
0.333003338107397
0.0751993811334423
0.000133252911917131
0.24051220414438
0.361736680723892
0.0173066641828237
0.328867642050283
0.255343777365496
0
0.328867642050283
0.38773241145929
0.0294057660530785
0.466079358802406
0.102706955605337
0.01651186459956
0.365603348371021
0.322113380016556
0.00299591893672068
0.217440322967649
0.341792968240435
0.000402086568407162
NaN
0.492444082566784
0.0128497409328726
0.397184646674239
0.301236407883687
0.0470768578928788
0.522196487639373
0.0779835781504439
0.0981296046406455
0.19368673003822
0.503578115282286
0.509106682818298
0.377538984909777
0.294659883859807
0.000275163529911597
0.468752934441893
0.0831160520111569
0.512965128019331
0.0389712556977323
0.341792968240435
0.365603348371021
0.434433165837379
0.283030199099796
0.456714431612908
0.456587949070136
0.364047704762113
0.362547617374714
0.209949252191328
0.501580640221555
0.0779816869115943
0.291858782773265
0.0301965057076081
0.168781916028447
0.404035084347049
0.0517004849116323
0.487636752200218
0.405988298724789
0.345464216793139
0.13247901923112
0.0372679873546928
0.0733052700126678
0.488152339608655
0.512108827962189
0.464382224890842
0.322932948785107
0.370421366820133
0.226640192823257
0.390572013450644
0.237747669791734
0.256548044825683
0.365806433353634
0.150363093328899
0.397184646674239
0.322932948785107
0.326955688569111
0.334220443636794
0.371893907773555
0.261281920061826
0.525514697835627
0.241689914042296
0.308502111010429
0.182795971316827
0.447343203488079
0.280525011618234
0
0.11228062401714
0.4340418968975
0.295228361995157
0.350478766710411
0.190269944482828
0.208683089580111
0.452400373513426
0.210030424808511
0.481609021484565
0.0831160520111569
0.147547078098627
0.0882919289427742
0.509106682818298
0.328867642050283
0.38356105685524
0.208683089580111
0.280369084388259
0.266940120984362
0.458068843226461
0.371166229885362
0.313894087895552
0.440795111715397
0.460185184270425
0.278638244929947
0.469879152560851
0.144813425417806
0.291858782773265
0.0580590578460333
0.440496286598605
0.263314528772694
0.1861186961807
0.462671954721913
0.51476774767457
0.43641737924441
0.14382241201868
0.474724955172718
0.208055640530179
0.00114660259907888
0.442273846958331
0.493604092542067
0.440795111715397
0.340429839128222
0.260020597058422
0.417841778740386
0.367621138013164
0.440496286598605
0.449486046637238
NaN
0.151975990314733
0.407204604374109
0.197876625966414
0.405988298724789
0.388296783082805
0.152393478739747
0.252620367625856
0.332098811991353
0.434433165837379
0.528276621433047
0.355161989143961
0.434433165837379
0.523774899504657
0
0.384091621313816
0.439339672300837
0.287101503919792
0.239416795514667
0.263314528772694
0.227040326815274
0.292175818350426
0.405988298724789
0.528276621433047
0.427561280860899
0.379285157162217
0.190269944482828
0.320587315106251
0.0912414556211701
0.341353712595616
0.168781916028447
0.512641997896733
0.217440322967649
0.371893907773555
0.512108827962189
0.412978416171988
0.37747640159325
0.278736676818751
0.500567671674791
0.476408050309422
0.227586224171681
0.427561280860899
NaN
0.153675086380489
0.496287691757048
0.345464216793139
0.322932948785107
0.0237208698500606
0.0618143803321814
0.374257683293093
0.476108963345514
0.382096671763297
0.115403158917682
0.512108827962189
0.1732710422234
0.404035084347049
0.466542233293384
0.432894245131935
0.160767137973164
0.380825164344373
0.0952380455377667
0.469409806573643
0.230055917159264
0.462941574688216
0.458068843226461
0.443250451190229
0.289753423879485
0.250669049554464
0.352244401194057
0.089488588372567
0.430458274463582
0.247803864171229
0.434368526379915
1.00612488642261e-65
0.446109384805285
0.490679496231782
0.307266898982762
0.154272140941904
0.512108827962189
0.485935340147812
0.424111945377052
0.448805946319823
0.405040391600393
0.239301258376474
0.426076475418269
0.0421808998649166
0.499002206157176
0.0617221067694308
0.0831160520111569
0.259133525023804
0.257661699384672
0.230911423449376
0.278736676818751
0.365806433353634
0.0650831396642391
0.492444082566784
0.354689050197301
0.294659883859807
0.334220443636794
0.526082803971019
0.511826671329837
0.0318868215389305
0.182230248066036
0.239379569704151
0.440795111715397
0.365230200985502
0.0831160520111569
0.49454678936484
0.341792968240435
0.171019448893842
0.504341432893575
0.260851309029421
0.375503559307
0.434433165837379
0.422808528789707
0.449795865572629
0
0.0294057660530785
0.188620052091916
0.523774899504657
0.517600985782771
0.24051220414438
0.0779835781504439
0.280369084388259
0.377809717189461
0.217308118029436
0.252582548711389
0.4590068052269
0.219738227728232
0.456268893103663
0.292363091796054
0.404035084347049
0.418205106429276
0.435319074141711
0.000402086568407162
0.119834325771426
0.263314528772694
0.439288586635917
0.487636752200218
0.229780005461232
0.178753657203726
0.066670457719708
0.280369084388259
0.0545261550053775
0.0881017478154549
0.342763861986284
0.397184646674239
0.50825535600839
0.00477799425364577
0.308014845975429
0.404035084347049
0.0683034729560787
0.104225424079351
0.210065172680269
0.328867642050283
0.451588446949997
0
0.328867642050283
0.153675086380489
0.504159616202205
0.439288586635917
0.436316775369108
0.323969295285566
0.525514697835627
0.259133525023804
0.51476774767457
0.427561280860899
0.0121790382823199
0.359078725890494
0.334220443636794
0.193439318208522
0.00147252641121306
0.262828233875192
0.512641997896733
0.463894966401831
0.117739252136246
0.445713421341168
0.484405763380086
0.132442376539981
0.0779816869115943
0.270835206176889
0.24051220414438
0.302531655421931
0.168781916028447
0.435297878569201
0.456268893103663
0.0618143803321814
0.462671954721913
0.413442936553546
0.365447484916306
0.11003187518843
0.466542233293384
0.0151636701895409
0.453156994863965
0.105077601197643
0.367621138013164
0.466542233293384
0.225759905552473
0.320828707778217
0.435308722271636
0.328867642050283
0.289292876106886
0.255018429406744
0.501580640221555
0.501580640221555
0.0795897151585825
0.371166229885362
0.473383385123625
0.100726153501073
0.294659883859807
0.0170435156128208
0.448669020007995
0.350478766710411
0.210030424808511
0.514037062957759
0.466820831188937
0.231032787812514
0.156555870013205
0.153675086380489
0.172997201530077
0.281230363109949
0.232499975323323
0.510892000734818
0.0580590578460333
0.456909856164678
0.264674696151787
NaN
0.47494490974102
0.43829506305103
0.024485506689288
0.0311940077680538
0.234579104977956
0.190156686386383
0.391938211796684
0.427561280860899
0.456587949070136
0.328867642050283
0.505500439815975
0.152393478739747
0.209949252191328
0.00527614449782234
0.274123055066433
0.132442376539981
0.440795111715397
0.432233379755035
0.463894966401831
0.0301833493855446
0.500319366070458
0.463189371441314
0.0486851952789652
0.188620052091916
0.352244401194057
0.23242338694136
0.232738137461577
0.449486046637238
0.332098811991353
0.501580640221555
0.434804521096253
0.413442936553546
0.435297878569201
0.464382224890842
0.262748997726263
0.505500439815975
0.43829506305103
0.454403026101582
0.373795130079608
0.0841866829501121
NaN
0.445003322375795
0.528276621433047
0.463894966401831
0.475260774127577
0.0888802427996547
0.413442936553546
0.00104296414901666
0.456714431612908
0.427026206802499
0.481732283288119
0.0775396464923001
0.487636752200218
0.485985603587767
0.177039627311357
0.285802400635153
0.254121676301736
0.440795111715397
0.206974855881152
0.322932948785107
0.317027666118394
0.434433165837379
0.463221408952534
0.255912309877988
0.206974855881152
0.367621138013164
0.463894966401831
0.0664816485215082
0.208683089580111
0.0007729286480394
0.500143445753508
0.294659883859807
0.521906825594671
0.472522234599066
0.45298349126242
0.0523003419707248
0.153675086380489
0.204718385771769
0.110758667403238
0.276839670013456
0.190381570991054
0.260020597058422
NaN
0.331748639847162
0.0881017478154549
0.294659883859807
0.399399088074995
0.457112630903513
0.209949252191328
0.468182956059401
0.164883545638516
0.350478766710411
0.434433165837379
0.405988298724789
0.405988298724789
0.095028831044438
0.405988298724789
0.332079286504299
0.30470264528968
0.20838509757627
0.42402426759615
0.110916907942988
0.525660064954405
0.517600985782771
0.289292876106886
0.232145227499095
0.278736676818751
0.0263191505805291
0.233732061101545
0.0343264264338314
0.503578115282286
0.350478766710411
0.110758667403238
0.528276621433047
0.241689914042296
0.262828233875192
0.100726153501073
0.350478766710411
0.502303324855352
0.147547078098627
0.490450327350524
0.50817664151793
0.0683034729560787
0.0304351601618133
0.0711675940116766
0.35518556964857
2.16245912177679e-65
0.503578115282286
0.00336573338865271
0.224243269860015
0.255726332815887
0.434433165837379
0.501580640221555
0.278736676818751
0.280369084388259
0.512108827962189
0.0180989289667073
0.0330162669444649
0.51476774767457
0.120962340116804
0.487636752200218
0.498032819754964
0.278736676818751
0.120962340116804
0.486719623359605
0.0171295327184191
0.212226035713439
0.426012479419624
0.333003338107397
0.328867642050283
0.145716482774852
0.025741924056034
0.315937618068319
0.0418033512282648
0.00364762253130375
0.145716482774852
0.402128751942369
0.288794493890362
0.210030424808511
0.481903810448543
0.0311940077680538
0.51476774767457
0.0539875128953844
NaN
0.349645334742198
0.516995170321841
5.84801260501599e-06
0.374987520514774
0.0517004849116323
0.00822423227755847
0.0668118432996202
0.120962340116804
0.315937618068319
0.157578223954854
0.377809717189461
0.463894966401831
0.204718385771769
0.456587949070136
0.476408050309422
0.340429839128222
0.182795971316827
0.496287691757048
0.00134693806960398
0.487636752200218
0.485985603587767
0.119834325771426
0.352244401194057
0.512108827962189
2.44242257414498e-05
0.0241808312005234
0.255076012609437
0.389502923491806
0.109263377064089
0.288794493890362
0.512108827962189
0.0779816869115943
0.0347605616034088
0.289038356408862
0.120962340116804
0.481962581681603
0.029538770468529
0.405988298724789
0.393657544879052
0.109133545244283
0.449486046637238
0.517600985782771
0.456235283571454
0.252976149110551
0.211304957310846
0.457112630903513
0.125032977697784
0.0520467293109425
0.209949252191328
0.402128751942369
0.514037062957759
0.257768782637863
0.0888802427996547
0.371166229885362
0.217440322967649
NaN
0.328867642050283
0.375503559307
0.322925562423506
0.397184646674239
0.315747534100817
0.476408050309422
0.00205206923654476
0.41207413131687
0.512108827962189
0.26270994725964
0.337700042621868
0.370421366820133
0.474724955172718
0.0831160520111569
0.212030509591359
0.521906825594671
NaN
0.211633349823663
0.0779816869115943
0.103420495773188
0.397184646674239
0.440795111715397
0.435297878569201
0.338515655648178
0.161532091210464
0.206974855881152
0.475674508389771
0.365206417009993
0.26270994725964
0.493676228051602
0.0482792154871608
0.434433165837379
0.0358534195679584
0.512108827962189
0.0882919289427742
0.380825164344373
0.254121676301736
0.505500439815975
0.0237232726525863
0.288949672239032
0.382884374351547
2.54834989327426e-66
0.511317948954609
0.00225132367949706
0.012264248426015
0.485985603587767
0.440795111715397
0.045350973075682
0.0683034729560787
0.151251273500563
0.440795111715397
0.209949252191328
0.261281920061826
0.266448986648441
0.103992466888496
0.112794818959313
0
0.404035084347049
0.409279155868138
0.352244401194057
0.113945520620394
0.231032787812514
0.521906825594671
0.50873737302761
0.263854003140908
0.0841866829501121
0.13287664863908
0.173379456880434
0.01349948678592
0.512965128019331
0.0301833493855446
0.133588925585519
0.291215330006536
0.0394788483874496
0.158640862197881
0.502303324855352
NaN
0.152393478739747
0.4249203292635
0.0392419053034603
0.00273420470740833
0.313029862470219
0.427561280860899
0.413442936553546
0.382096671763297
0.0711675940116766
0.089488588372567
0.528276621433047
0.306802543561405
0.461242339940991
0.435308722271636
0.152393478739747
0.294659883859807
0.449795865572629
0.182795971316827
NaN
0.487668461518528
0.365603348371021
0.517829225954487
0.0343264264338314
0.00273420470740833
NaN
0.152393478739747
0.512108827962189
0.0482792154871608
0.152393478739747
0.364225134421213
0.365230200985502
0.397184646674239
0.404035084347049
0.118052802232243
0.389502923491806
0.152393478739747
0.467314564656827
0.4164021766337
0.456587949070136
0.000474636532345245
0.311712359053171
0.397184646674239
0.520571288745118
0.466820831188937
0.322932948785107
0.315747534100817
0.326955688569111
0.349180828017519
0.426076475418269
0.208683089580111
0.460185184270425
0.018736856346605
NaN
0.020800791204337
0.210030424808511
0.454575909243124
0.267736650918708
0.283030199099796
0.397184646674239
0.179015772167401
0.0304351601618133
0.117739252136246
0
0.467389158816799
0.364859713171067
0.306802543561405
0.0952644613421722
0.367561317531998
0.1861186961807
0.485935340147812
0.456587949070136
0.236919474735004
0.382096671763297
0.15498458079582
0.518549091633
0.365603348371021
0.440795111715397
0.50817664151793
0.202381522335472
0.365918314681574
0.199797600364458
0.152393478739747
0.502303324855352
0.385662391922264
0.371424615088092
0.328867642050283
0.485985603587767
0.449486046637238
0.50873737302761
0.217308118029436
0.250669049554464
0.434433165837379
0.391938211796684
0.224690556997669
0.158462491554781
0.45028828561214
0.476300788151003
0.120962340116804
0.46231480553042
NaN
0.145716482774852
0.427026206802499
0.241849164357283
0.485985603587767
0.332098811991353
0.234579104977956
0.105077601197643
0.0793549701330947
0.0472149744509611
0.458068843226461
0.523774899504657
0.382884374351547
0.501580640221555
0.120962340116804
0.474635149888831
0.158462491554781
0.0227544133391923
0.461244618814243
0.182795971316827
0.434631371123287
0.419653744966991
0.145716482774852
0.434433165837379
0.0841866829501121
0.365206417009993
0.110916907942988
0.0494847766453637
0.263854003140908
0.0751993811334423
0.00534367285499604
0.505500439815975
0.113945520620394
0.319993374223181
0.217308118029436
0.47297461625602
0.440795111715397
NaN
0.0343264264338314
0.342763861986284
0.0456093658559851
0.264674696151787
0.0121790382823199
0.120962340116804
0.153675086380489
0.445713421341168
0.174424737817768
0.24051220414438
0.262828233875192
0.00147255771605325
0.0482792154871608
0.435433032424687
0.334083432958841
0.464382224890842
0.0403105431330188
0.145203212083655
0.302531655421931
0.31239054064414
0.24051220414438
0.250669049554464
0.51476774767457
0.352244401194057
0.397184646674239
0.432894245131935
0.364859713171067
0.333003338107397
0.0343264264338314
0.170931318972175
0.062131133382681
0.224021907138468
0.341792968240435
0.390572013450644
0.440795111715397
0.0833386558115152
0.390572013450644
0.396696352690635
0.0494847766453637
0.000416276614142819
0.000433282425256495
0.264674696151787
0.489865828873413
0.000651407225907058
0.0304351601618133
0.0321586109669825
