0.000133854131970889
0.691246840815943
0.0533653313110681
0.00463909227791393
0.231028578150675
0.000309983335491124
0.44991534125637
0.0456279359644646
0.00261853619748558
0.0344261262137415
0.0258139626973426
0.579953683652277
0.00180668485028998
0.200639542146124
0.496664316979726
0.0750004254164751
0.0172576600713725
0.020696825068427
0.262355431866488
0.00126484719434753
0.0756911799810509
0.0790293902141087
0.297044170574798
0.0449145680962159
0.0122612395753219
0.00228931379461816
0.177536637773351
0.300316674683605
0.196206800611319
0.00984802179490638
0.320801519691388
0.523702286393755
0.770546315716497
0.0121728279101294
0.0832469589790407
0.0857385742699877
0.575519611337729
0.80437565332384
0.116357789436999
0.483413184229633
0.0337466867054795
0.164655012829465
0.000219230042986884
0.00319543755908056
0.402377668199355
0.0331127061715566
0.00268321285450093
0.114260842953653
0.0567796625168863
0.00016808467708116
0.00100816314361271
0.672261880063169
0.034494381170172
0.192745579125943
0.0203703771998837
0.0147364617635687
0.0740211046257544
0.0404417513357043
0.0323316807981953
0.000593893715038118
0.00681123561952043
0.0950017465020157
0.546545498427858
0.231442199208921
0.0817065923456185
0.627437503665065
0.949153569140307
0.934732755294018
0.0239940050064872
0.43218220240942
0.00238709195649248
0.35779161809684
0.24254744371415
0.0109962077326122
0.614563207764625
0.299787068115014
0.00209167888988608
0.0913754451304116
0.0929094665866241
0.0861817905897467
0.366814787984386
0.704500609423557
0.0314668837505001
0.703189199704622
0.17286394786101
0.007624511607738
0.0904084622486913
0.384176608954618
0.265574972420878
0.00279730696847222
0.208540014395104
0.0527691123572289
0.541132803930925
0.0923366489969492
0.0431590461584146
0.417285722305215
0.00246114065142067
0.119831282242963
0.306919596168828
0.0122200816643608
0.643049527947598
0.929165845493176
0.293912423016944
0.121874017289445
0.0013028979285747
0.599082743044684
0.731899393974271
0.330583276617577
0.626415953927062
0.0212586503615296
0.000528729828059953
0.146817874064884
0.0718640435810148
0.0857289956351791
0.0990876852831614
0.0343685431498826
0.0805866478525797
0.108910283657833
0.796891394951664
0.220804104621108
0.00402810105760774
0.00345521511541469
0.0210658815044486
0.247617547343205
0.60044856953426
0.0211641408942662
0.381605103455133
0.0996782481481979
0.0592112136323456
0.0900066142267147
0.182635768792153
0.000103296463877655
0.61741974297573
0.0481983957735221
0.46616408718254
0.516851053694855
0.238128477590336
0.00258104661256009
0.0227599350812116
0.351070342627753
9.98696788145917e-05
0.0254322959439308
0.108234046808276
0.160450221945144
0.0119776881848946
0.247153769418653
0.000787105454748287
0.0255861540052358
0.000288186608611142
0.0307934964397697
0.906523256948433
0.0471683167399031
0.00109050316639646
0.00438115933384731
0.00783661177676016
0.252047193577494
0.00337948293254697
0.0984343040349083
0.055181141212814
0.0361969126112495
0.0268053757307512
0.11713973993365
0.0832852424355728
0.116346739433407
0.250497270333582
0.288311986465
0.0111664067375095
0.468058038346567
0.213975789607127
0.195402301128885
0.14466103488904
0.176270933064642
0.00106446411007333
0.763069837170691
0.244792715971995
0.122231350983252
0.0355793021421969
0.0786338078408049
0.404588589993783
0.381912756369388
0.0891569292733407
0.00052774390416499
0.0199605535647487
0.0791132174031863
0.0111100645913158
0.0236817302654614
0.0164814395844662
0.00199347020829662
0.00563238136186592
0.888871207989527
0.0225728656587387
0.0540590683532325
0.30968922953628
0.736734824076264
0.0496594370223428
0.171320816399179
0.981100599737947
8.89167294161769e-05
8.58344004285316e-05
0.649568311341842
0.836133384995932
0.649888514155452
0.674002413611035
0.731347779805981
0.542369986261007
0.613767190640664
0.461789793118941
0.562787226919016
0.157671872552161
0.599893110493395
0.15379442857851
0.528432029095585
0.0501315666834804
0.419152608024388
0.000137120853180712
2.10920069976089e-05
0.000834241018693184
0.423745115450614
0.0740259180002737
0.0231320960034509
0.898255149159164
0.00264264823348935
0.195674626581445
0.329775237433439
0.224235733076611
0.636583053509444
0.0888839522535864
0.0148894296955316
0.191619246204636
0.339820878515553
0.0602603281464346
0.428495987667337
0.0155094156577457
0.0199955142149308
0.69468420927606
0.00139978723128873
0.00112424808590935
0.17016959078252
0.0295073903268433
0.0550229717685092
0.0136169902748491
0.914483108964348
0.273620650265372
0.011578372506584
0.751288896879302
0.01373345947237
0.00424511311713671
0.208515639542384
0.270837301869083
0.292873629951098
0.0401831475219956
0.364347164648871
0.832377303510978
0.805802052386114
0.0305064786487355
0.0430416436043642
0.0075116362742467
0.520317607971573
0.385403877538385
0.846902241405843
0.0201900753415086
0.861488937097098
0.532072956490377
0.55685316791175
0.335382011603042
0.047165023250507
0.0136055613365307
0.000796715440177198
0.0382486416094821
0.603410086953406
0.362691645248301
0.148137839139176
0.568238637870017
0.0196423156969198
0.0445625578206826
0.0771028480623526
0.394795029781296
0.3832167683919
0.0587182093823392
0.69669463785722
0.00551381859010771
0.160237711038811
0.505161106319602
0.779981807507299
0.266184047067909
0.851419845604811
0.00769388484171553
0.00784523259879307
0.000793960147702664
0.932558260973525
0.00303435432267503
0.000168369704444878
0.0104712931616853
0.0564117699601008
0.171764056994653
0.329609695915866
0.320442331694453
0.163024361370345
0.0774822373793095
0.0273689259666118
0.16262755615035
0.00232845359095099
0.0905885517045253
0.00276974246903304
0.00630981787184181
0.457863617151606
0.637843651298543
0.392900616093466
0.000254890664014749
0.0320030645408063
0.000147330151688412
0.488731169841204
0.28487931465755
0.80595278156812
0.409856081619555
0.193866339452494
0.262958260580229
0.0347509669545262
0.613455022109492
0.292508406834952
0.254423478029195
0.517422840294002
0.00196354525482656
0.161802031810385
0.000301081865340395
0.0344476939730228
1.42104626341377e-06
0.294301338710338
0.872549043541261
0.271837244335175
0.322229529455809
0.224757753074671
0.71732173220972
0.057272409134782
0.0277424881753222
0.292272440443666
0.00642201132466357
1.56244635370215e-05
0.0643648486144897
0.381229036620851
0.00938389437204358
0.158006534718944
0.00101802568349993
0.090199939460827
0.484721342158101
0.356077097572441
0.534221428642657
0.319991095570821
0.297200689185628
0.831942294666543
0.194760223886305
0.0244403572526841
0.348739784046051
0.092366587206296
0.102446192909568
0.890191826807938
6.72676734469813e-05
0.054957852649238
0.0363805623137669
0.269832029304822
0.0940275741644158
0.129479180467686
0.922529125283701
0.0301234198554638
0.793863493030977
0.551191986003012
0.801293805772992
0.574553635292412
0.181788234734243
0.725096097712735
0.202842409012863
0.0235502831031549
0.512934373174445
0.305234025631871
0.495513241178531
0.117054129026033
0.414302701791729
0.833840939542772
0.271079342561614
0.314554309108244
0.32382438499504
0.134300316602149
0.552429699350706
0.55484176154414
0.128328537348375
0.482183013031216
0.0327867020881245
0.111162081427363
0.157041559331224
0.797237224285127
0.296087938154419
0.00223065510393555
0.106096924055922
0.000408900609672461
0.00543047673850876
0.118375790702235
0.071444741116481
0.26848091107698
0.0725983959296707
0.242729713440629
0.171213514153281
0.358434214213236
5.39901520363904e-05
0.232547854947437
0.0167592531420724
0.0471844379808626
0.233741088830972
0.919114874484883
0.383519384064308
0.141292757492325
0.00384270200573642
0.832341018127854
0.0892233968266797
0.293645551814107
0.946601850844856
0.889223379764757
0.418929458974174
0.162301608496982
0.580782412638766
0.168638081184636
0.00856646383539923
0.384685151019595
0.868378824143693
0.567835799407159
0.389702065135006
0.639218298052895
0.647012968929478
0.592005678752564
0.0749686046283835
0.15095866560621
0.0229438849168391
0.00636345018090367
0.691204944838312
0.520705336819284
0.65394980133979
0.693519384471826
0.05216194341607
0.00717440399814307
0.12650015617329
0.000663400651693631
0.000589869311646772
0.913701609395977
0.0353655551673353
0.580179228826716
0.737727760713509
0.126145239310492
0.458548321882055
0.685005220028076
0.159850472611107
0.592966725168875
0.927884421240897
0.677474701403758
0.0325777813071483
0.320385181338504
0.000727283009407221
0.107335986379068
0.396138996636301
0.248130245503227
0.00102522571636427
2.84335716951589e-05
0.00807175248903877
0.019302628753761
0.0526316421609239
0.0231923004680823
0.596027925446822
0.284460296697911
0.215790031525048
0.288259603537632
0.00324585316431967
0.179210965558533
0.158691580500104
0.72434263873655
0.961717115385762
0.12207950227026
0.00212346451488172
0.606472123677112
0.504383421365014
0.433854791735795
0.455086274306374
0.00165025521541896
0.232168833212532
0.0636807267073611
0.0623718237916675
0.0190817262614075
0.0789374016536015
0.812005728010753
0.869862083594995
0.05328990903529
0.230844309622112
0.427412703848987
0.521823432205452
0.035476815145862
0.0575386708004754
0.915352896862416
0.121877840511432
0.291001156135595
0.946350005544256
0.198323946811532
0.026719618151579
0.927945611369395
7.08714312940328e-05
0.126904962687575
0.138399708365973
0.0365334766964083
0.619102172624995
0.138153622757234
0.462500509879832
0.195855661911172
0.000713634101640978
0.111837962485572
0.643600084095323
0.000606805132908986
0.0102700191536354
0.227005641277991
0.00447779614434577
0.931173179616517
0.0385120910513081
0.0738364647593255
0.844072539325006
0.0106931062376061
0.0152499128975886
0.127745662965914
0.0415072508732303
0.798222134944041
0.613111205386832
0.435609900802067
0.0263007844184763
0.259438380491137
0.447840347879049
0.400846325220244
0.139841592090802
0.937510152042363
0.940408347596059
0.0083469449302879
0.371262308277058
0.484598707059433
7.68211562985955e-05
0.265653036608194
0.5563619701552
0.0440696357674535
0.713804723184501
0.313787649008237
0.748460573929514
0.175060390446582
0.318267184841451
0.388787834292943
0.592293322129451
0.314668208825573
0.359025875661228
0.0235840173824287
0.00171866438967313
0.154986901237987
0.119662510723323
0.517721095274048
0.0219836710073813
0.180316319034803
0.0233205007016285
0.792073506659501
0.00574509119200642
0.261150228859791
0.202275291383708
0.00480477755035705
0.0455751564342841
0.945389750955749
0.00088838673702207
0.0136712353506861
0.209474822771383
0.118064132439548
0.976733735651122
0.362536255464117
0.219393625258901
0.457045794357775
0.0497279419594432
0.176237339354268
0.720726721243427
0.404861907720909
0.708080904588745
0.0214995135876143
0.618441300681832
0.300655874716563
0.200497114235142
0.438914277317832
0.197623542576633
0.203221146903985
0.440078763504715
0.101508825053215
0.0112139240603254
0.663576851574025
0.00551055883760586
0.00760682929264789
0.0326543288716255
0.0169973314224385
0.680492512069981
0.251879931317004
0.349489529941518
0.119425204396245
0.00731360834041494
0.0423182063678603
0.455047231127584
0.29237676933145
0.590537777080902
0.273066955519143
0.0319483907630271
0.0182300410339665
0.00095433180861708
0.0793325209920414
0.000687645774177877
0.5210798048035
0.00885499523022204
0.438627022394046
0.0629463487097704
0.000376995685594719
1.25355322930242e-05
0.652490152138192
0.0405552106145601
0.00118351701650286
0.0300982240717495
0.153244572065476
0.0292306964550285
0.00156254740066806
0.206409324916033
0.503158840471105
0.410347844326084
0.983978568442904
0.102764948830635
0.0380738864576255
0.0123551293882838
0.00192347044269432
0.0627549911117054
0.121323113224221
0.0047697438620309
0.0225442996788212
0.56844529194293
0.0855612224374015
0.855519644801508
0.642019677911945
0.00392991312761652
0.0438027403480089
0.707721541085877
0.00305569050356048
0.964624144235724
0.006339044426613
0.0158837001806778
0.420651881960825
0.123107528220823
0.0347389230069288
0.0750289377235815
0.323326111001346
0.110296647286462
0.432953118885193
0.835682812674766
0.0229816539559565
0.0115709103231157
0.0951983927181139
0.0132556315245972
0.860634481260554
0.464643501645148
0.919229688793418
0.0851680958405258
0.746835178147356
0.350781270975227
0.873434733512234
0.221681247277302
0.86295161811305
0.00109133385375047
0.144308107453068
0.858247814028782
0.0191576000829321
0.0617226026717116
0.925734837595133
0.236265672083429
0.000882767275311952
0.00896801911971523
0.351269444024157
0.000810296914974588
0.0329437034075015
0.0557531306325017
0.00160989944522903
0.09884644476689
0.535401901416024
0.622874606498571
0.106551780649789
0.00406694016732188
0.798840299708747
0.122763499523937
0.173785577464506
0.0428931156234337
0.338650617359908
0.327814003166061
0.115636838520245
0.00528755952786655
0.825492989309131
0.597279394113198
0.000275907026478793
0.27644660404459
0.589804846747603
0.0226150547021966
0.0270129915012764
0.0961395286613778
0.000534795829618513
0.253690133833146
0.377833495718722
0.842086140467352
0.0600404580664733
0.372179046058624
0.646045248465845
0.00660778047630524
0.755346310533466
0.00659770713700081
0.458034478752875
0.230435346230689
0.302727129773756
0.515389830945054
0.4471356543879
0.723997417371566
0.385183931163824
0.857722166185824
0.762541621061736
0.963325447226402
0.494743576685397
0.819790865461431
0.501598531857317
0.926905063669793
0.377271629932046
0.36711887893487
0.933856293081045
0.707415089547756
0.0027263252284358
0.523855609628894
0.829662322180569
0.57093794556277
0.746332221277051
0.243181022522252
0.182118753795744
0.461554277262547
0.6941166423462
0.835623326148505
0.427576927411787
0.697994266023063
0.74539047263439
0.328060512844256
0.00177584087283116
0.00184502353392975
0.151170268426496
0.000254193636529661
0.00955465380192751
0.00284330875606778
0.123640920727756
0.00573281264424793
0.103047369053093
0.0114466216392867
0.327509702040847
0.835123061567896
0.0553027480893659
0.3317292607165
0.370294331921538
0.0396037597016677
0.0014174394210022
0.0240748945056255
0.0220774700077529
0.0110640117188564
0.000367929122092124
0.000351357174148686
4.47762792101539e-05
0.459991465303837
0.00056610601510293
0.00134527756286553
0.0172977013519511
4.97641042072366e-05
0.0052704803725839
0.101453890034729
0.0847158011830616
0.0100722421856134
0.706147371796117
0.000741338762238242
0.00532930769265313
0.0132386603488725
0.11151623370126
0.0812594615714926
0.879622315409749
0.00159035053976448
0.219348455804255
0.796793736737937
0.0256713825428544
3.06180954055897e-05
0.997522227008569
0.721923539146466
0.0135313165413366
0.505620387254738
0.000536959025533251
0.00604050103662226
0.16254877348054
0.875409033086968
0.135378819538628
0.258802641857641
0.253445859401945
0.0106142420597923
0.0527053868166991
0.00405196438273888
0.000359911977828425
0.761401634189268
0.0798383982423691
0.00125679960820115
0.897248234975228
0.909220894948516
0.384676091071004
0.205685336052178
0.00363582582273554
0.603057060404791
0.0672398151677969
0.194973914626069
0.349977199361486
0.986788143159838
0.105500023594154
0.520268315377834
0.865348282022251
0.0185642846777777
0.0232596140021524
0.00444486961450239
0.000460459979510277
0.883076427663121
0.0171915942711479
0.00458603382340027
0.0172945326110974
0.0473770640197907
0.083819709118211
0.474047398398956
0.00306431583721045
0.632506437117329
0.0363523500390133
0.119916160051213
0.0200951241008751
0.649160010437441
0.989758305150221
0.526707426419825
0.231106020963509
0.0425527477432859
0.330256250115564
0.876618029472223
0.461151850039367
0.484783025714499
0.773669192430919
0.225606183069722
0.0856489594254588
0.0622344618599126
0.000531517098003446
0.654057726849871
0.190929298597091
0.0469026149722249
0.181124935364758
0.945178009142795
0.932886280175003
0.867837288246087
0.740754295701507
0.727269584556109
0.000430947791252591
0.403078923914137
0.255350811654603
0.926212681496357
0.0400536652196368
0.443845713234517
0.0138508610084633
0.0584819078842629
0.215871097518932
0.00452015789009588
0.128913390214412
0.886487361029874
0.29767796447955
0.137581248827463
0.322460833078289
0.00909009743763251
0.0290533343250731
1.62719937269165e-07
0.946113805300262
0.741625615531111
0.00152298614452655
0.214549729146517
0.519276204250367
0.453202257478899
0.00254040784743009
0.785752515122227
0.0450835320794742
0.704556540452434
0.777637128492537
0.863713553282201
0.543500982710471
0.079408719325327
0.0550390824923452
0.0196564208358004
0.971867954270745
0.0146311353217898
0.09957989073672
0.00170886390891182
0.014280833074521
0.00112677793160434
0.303126808467621
0.603962558997676
0.713891214645187
0.00822476048293394
0.0640262686093281
0.0141844397153413
0.956531814878143
0.457952083740785
0.363327617355975
0.0396137862347638
0.0415202839110955
0.902876681022817
0.135560216023751
0.339423785471003
0.834151817752125
0.714012708571074
0.130636342933821
0.949974913924853
0.512828323805257
0.00648721288820842
0.00164194026143298
0.0397028523226288
0.0126485327663669
0.739326510303765
0.0189122331732273
0.0033313826786668
0.622153377160066
0.898585261234225
0.23018030665316
0.00967288476358136
0.396056973123949
0.221276122453866
0.723616568510113
0.492355247507566
0.731177048973843
0.00357395266460226
0.0634281524667118
0.641841786198947
0.692610878993504
0.410687126887343
0.00794418254828134
0.472825550626151
0.0643214544476815
0.42168230698793
0.566532164992785
0.404654502504517
0.470655402929216
0.810821617039201
0.406498939218817
0.0181873757717653
0.211492644878012
0.734617788927731
0.107479858679886
0.0287429781005576
0.861071100635588
0.080469718338802
0.0243979296534959
0.286163404112257
0.405923710413228
0.880688410836479
0.692540530240858
0.196452877851911
0.0351678278581935
0.310783781490865
0.984386025224875
0.71996452438918
0.803802435045391
0.816631350254606
0.988921892280665
0.169011318255212
0.681014254615428
0.21311009886057
0.563526287959865
0.933004992828106
2.53774592833558e-05
0.199882210194934
0.014183001370997
0.926021576987397
0.427969807425221
0.0968370304814602
0.870204619433397
0.0169190805979683
0.0345883228962194
0.0526799907448728
0.883170214742708
0.411263272836546
0.0339047123459868
0.547150293835722
0.767456106242195
0.538094972824374
0.482227994777271
0.209626136910435
0.564182037403071
0.660677593818823
0.000761598011809327
0.201922476844339
0.154289285415703
0.0231117182163775
0.0294413056694034
0.0319812108891777
0.385708515186608
0.0403974205453053
0.782355958579933
0.629605661810118
0.00987816864904688
0.20619074261549
0.0446537176081534
0.995639434329484
0.380521899839305
0.399713171117722
0.0628520617906558
0.00695156216636162
0.299897678927056
0.378687871235246
0.00413772930466492
0.221596145116311
0.0903418978459939
0.40785462796327
0.286790203261514
0.897501877157878
0.400467391984233
0.653668867980526
0.0119952209883196
0.957604734614223
0.0147401284922665
0.226457661016329
0.355201240544684
0.0514455673449503
0.55199896462042
0.0017627292957808
0.600059741299636
0.306847091596055
0.965512868051226
0.924681758723679
0.548810326594598
0.0627565716572299
0.0114137518383402
0.117101097593969
0.0720910439892782
0.139531549879362
4.90195410868024e-06
0.243224299312132
0.809579685245309
0.737628460070253
0.221977288076782
0.368221801306779
0.254752675339777
0.00696946321295216
1.34955244835378e-05
0.0100927118777533
0.856979427422227
0.425360220394042
0.000396393703758329
0.835166150827286
0.397598284976595
0.0269128451384941
0.154565017484434
0.675827863835414
0.748644202919076
0.600231510368216
0.0423252794577991
0.000738115701954482
0.028406775843673
0.00415071041838479
0.0868214878806651
0.0550442480609005
0.000172972265399555
0.549000203111264
0.437846459139579
0.458046173804306
0.631934005114431
0.0135005677086565
0.737640019703068
0.543196123014619
0.133058524412842
0.718183733052993
0.0089367646451788
0.0143468222903265
0.0242306940846149
0.447831645247023
0.0617938195630597
0.912159948877205
0.0186825048456926
0.222440115984751
0.990372109491158
0.0276409467756366
0.0154563313302707
0.00910987797078451
0.177372763120857
0.685724960643981
0.00226355744442313
0.0912043745179289
0.670799166534329
0.0401419616780945
0.915135352830388
0.0481261211377746
0.589660993711281
0.843111538496723
0.131251740061027
0.00642640661727814
0.0300559490626801
0.67106823574941
1.33831904344144e-05
0.0331941843607453
0.505409646497671
0.0203920518820816
0.021265371652456
0.0518840001674816
0.0200071665089751
0.607816895508529
0.0698392727446014
0.191305900120496
0.0990486096855731
0.324231877555179
0.0338003591476359
0.771069019723231
0.0297717895519332
0.0385153041409246
0.941738994523982
0.0199041049347889
0.0231400135588547
0.091349434569415
0.0197371663216717
0.182399196459641
0.978001550988272
0.00731552665381167
0.128158025383678
0.0392118349855717
0.0216891617215098
0.0840622950135145
0.962333564676271
0.219127310057045
0.308478577087933
0.210027307385444
0.14117696679924
0.261779982854272
0.277807652611918
0.656242508300021
0.511776350418726
0.0479088346990666
0.0651240370167313
0.595835363710168
0.00230235334005098
0.0209875257317312
0.299940232967118
0.91127499150861
0.0896756750412246
1.49813252321893e-05
0.00217173411852355
0.00320562621306289
0.216001947769617
0.0465938888981505
0.0509736281499321
0.046342569420344
0.807923801591227
0.0675386520094645
0.0129104985637859
0.0036579193742425
0.00316943165539592
0.000157879892277955
0.0666168049468106
0.00972411756265193
0.0300784423040447
0.0818358189905143
0.116754757758036
0.052003113081512
0.214233800087428
0.0136389076088733
0.0526872970357558
0.00152250234641503
0.0306390538033658
0.0476394817604802
0.0017939506590734
0.000268432135013174
0.000110490204254435
0.302363830484764
4.88167537731564e-05
0.02106112996471
0.0145186124449984
0.368557702932928
0.745599619050567
0.37595838189503
0.084237386682644
0.00385779612464882
0.808879376446369
0.95658688219922
0.576052373660095
0.0316100413951284
0.121286344092912
0.000833352789764477
5.31024371387236e-05
0.0657657902549071
0.049531769166933
0.0846526089785226
0.000318490422589723
0.00473661332573751
0.0392309199949354
0.00628890916828939
0.600887044817794
0.937917187735718
0.877834587817306
0.604504820464511
0.00157329657180169
0.0774005744717162
0.000100966335620897
0.0352736167002281
0.0171204769442696
0.737350864207075
0.002198704719652
0.417312356918792
0.488358931246612
0.477970440549668
0.104001804341402
0.0100405068001141
0.42906806107327
0.512029381148264
0.337674160813399
0.315295192118087
0.20321098939588
0.245244746587516
0.157309479662397
0.18504478588701
0.588008044228084
0.358215931995913
0.236126771150765
0.000259578625629181
1.53847131375189e-05
0.637396949623798
0.0181113050256436
0.29830499224899
0.39392348681602
0.911200987124472
0.499388452144358
0.740667615076178
0.204472149173479
0.00811041957540743
0.0940101901239175
0.57560972252176
0.745081856963055
0.225703053914601
0.00147533379683126
0.913953704149046
0.665582336293108
0.0392414214306658
0.7053478549067
0.0227910380123242
0.385078943166711
0.00672006212053878
0.873377489785267
0.0104169684622614
0.141977768890219
0.81578150887426
0.910705381502531
0.130347408540545
0.583002476570122
0.564615833312665
0.24149268626128
0.0151671106273663
0.0291405398103095
0.187918549310167
0.00854172639414358
0.00223001013038735
0.0417706933850753
0.379420131129303
0.0639639527825956
0.602181402895704
0.55872148943812
0.00945172247161249
0.199413215972316
0.00948173899237244
0.0601453224066578
0.233306641836884
0.618743512493968
0.694479689565869
0.395546281021009
0.773943640111275
0.000307009196088223
0.00214799522982931
0.61968564902536
0.024398411390911
0.768562520925326
0.575654185201416
0.931982525542411
0.881511016628355
0.226369133870513
0.0853120415671568
0.0513793041835056
0.238895528011714
0.20471198889194
0.0659718484402638
0.387160294699471
0.363501908061319
0.0505742009828835
0.570253445306763
0.0225754323426607
0.00130017642828705
0.000910512875549985
0.182825458106681
0.185052014345431
0.0149741052102824
0.0872584543346324
0.00678782517160614
0.698095853327713
0.379325548596885
0.327473231242403
0.0123596710637227
0.0356440423949159
0.162760320893488
0.068908396684905
0.0512258235947299
0.0981126346695102
0.195341203457675
0.308037901658854
0.168021520753775
0.261787271155549
0.75909212977684
0.0973754854639378
0.752506079135782
0.0211952213511565
0.000132059013181279
0.0680795921195038
0.577596954790643
0.188098124489141
0.183715233383131
0.206095869007451
0.00102048692481047
0.594704562199494
0.818912272478773
0.632922514325554
9.09920389172714e-06
0.563017471565983
0.536182593643674
0.898818016880961
0.0398072065450367
0.85359134994325
0.174136221163001
0.260168602465984
8.60498654781883e-05
0.48539418491991
0.00967666358602059
0.246481250854846
0.0399232243735553
0.00176208077649708
0.00606349403973917
0.000863063954363929
0.10250778980493
0.711178528634614
0.492750680604037
0.523684935539379
0.0128969742732837
0.0025274641498908
0.576527102862354
0.0363175609272638
0.175060721552527
0.247289191898297
0.801573830801954
0.0613573806318766
0.337376799274959
0.806328021934303
0.0990408568797331
0.0242592146156311
0.936770843016323
0.446453003828125
0.879270030809509
0.00346745908661644
0.341857795921913
0.470612978632331
0.590475660414598
0.000176413389067018
5.89419852075168e-05
0.394935666074804
0.14734861110431
0.207232123978566
0.00809422481192348
0.70936350362612
0.00315675023732653
0.46230365248248
0.671379618077725
0.23089187323925
0.269897199029236
0.0206655824855028
0.0469432772726453
0.00364454416660591
0.556713664770494
0.15802744786894
0.00577638456726654
0.522269104370011
0.790134054230869
0.00249916589494722
0.119087553797693
0.409077250887534
0.012904731131566
0.000448533515530387
0.901160512542131
0.0811192246836393
0.161471174278083
0.302736606799856
0.0576198035981348
0.054381687064684
2.05546744861716e-05
0.0145077497801946
0.238355395151997
0.145108178461512
0.850750066601343
0.248456281868209
0.0229037218786832
0.0874843313055867
0.1129103133349
0.457429781876045
0.0195972841334708
0.0583727450278544
0.0967296003036074
0.000159621305644836
0.460696462175574
0.818555099614724
0.00391056016609043
0.0632079410568335
0.471463882897159
0.767409619680594
0.104394444916676
0.199504341127107
0.00366421868214549
0.809119084081215
0.26171562841331
0.0486690538050246
0.865396782706118
0.0726894561903418
0.598145958635339
0.696934571996086
0.325829325453513
