0.00161287791315347
0.228467639208279
0.0434664951354021
0.0101938567951067
0.114670874187719
0.00243077676206487
0.175886324381553
0.0397553007048237
0.00732317561971687
0.0336466171319183
0.0280532876194327
0.205152340696088
0.00597136938885513
0.105718661798361
0.186855807139778
0.0547551715671825
0.0226811703403348
0.0252352022742556
0.124168163090439
0.0050584209405418
0.0551378510897897
0.0569050959881281
0.135682116948315
0.0393912071529771
0.0185740819074228
0.00682048269890635
0.0977976175562566
0.13617139781984
0.104476221998411
0.0163244281036064
0.142077586665203
0.192557131823176
0.241857731109554
0.0185740819074228
0.058743781564354
0.0593233030389298
0.204403126236893
0.248792507382144
0.0730521386179033
0.183768829968858
0.0333766847415013
0.0927456423176862
0.00208750576504146
0.00821798203106961
0.163703233073468
0.0329407786324702
0.00740055053442571
0.0720750696539346
0.0452341042544325
0.00172077699541826
0.00445665041562435
0.223857878296207
0.0336466171319183
0.103746276080505
0.025016136172019
0.0203976592059003
0.0543205557406259
0.0366748435576529
0.0325697691712499
0.0034422035131249
0.0130333639478645
0.0633223820818577
0.198705798869424
0.114695378153347
0.0579257799576484
0.214101528284928
0.270362393335373
0.268357198964397
0.0268038157186757
0.171128525949871
0.00696827829848411
0.153147712591569
0.118478816890744
0.0175204847979662
0.211331262172162
0.136155666668191
0.00663898019596693
0.0615205154513614
0.0622389905866162
0.0595269806050796
0.155529089343698
0.230391418531389
0.0321029227411274
0.230320944464423
0.0962846127105693
0.0140517107376484
0.0612821474866079
0.159353194625809
0.125284065308613
0.00755884285687269
0.107891395440547
0.0431566608414708
0.197455944458585
0.0619791395439078
0.0382712106780787
0.16722746575673
0.00713237636811076
0.0740081609036816
0.137915004008826
0.0185740819074228
0.217388509096155
0.268106233915111
0.134796421549403
0.0747449349914761
0.00510842623701708
0.208601422917784
0.234914730377079
0.144174498416411
0.213935481999798
0.0253866312700648
0.00325367459298589
0.0858419815839487
0.053321184663131
0.0593233030389298
0.064856779236273
0.0336466171319183
0.057448293770197
0.0693563373516187
0.247734177660097
0.112061860839149
0.00940153105466066
0.00861315721315694
0.0253866312700648
0.119743738472557
0.208601422917784
0.0253866312700648
0.159265776136695
0.0650304601478598
0.0465225043698908
0.0612821474866079
0.0996133430364738
0.00137702271678276
0.212131145544728
0.0409249899373152
0.178915513330018
0.192067553880302
0.116961864493826
0.00726916301606023
0.0263458074593275
0.150892480284178
0.00137702271678276
0.0278656776630014
0.0690356249782172
0.0914071387954048
0.0183799637700822
0.119729727196091
0.00398281516164117
0.0279576606518943
0.00240109566577314
0.031496271909302
0.265597023703997
0.0404939157285838
0.00459421089183008
0.00989903104868726
0.014261330624292
0.121153354882782
0.00850021749344208
0.0648536896368095
0.0443137231523791
0.0343958419729452
0.0288951460816392
0.0730841383227932
0.058743781564354
0.0730521386179033
0.120698482604901
0.133297957809226
0.0175815285942777
0.179470182582908
0.109842470865252
0.104436371019105
0.0848289512760793
0.0973686261210759
0.00457746444380996
0.240290981280152
0.119097755862539
0.0747449349914761
0.0340212160957255
0.0568670998697074
0.164046386859767
0.159265776136695
0.0609957803884281
0.00325367459298589
0.0248488686134384
0.0569050959881281
0.0175619593504434
0.0265290757017948
0.0221929788067182
0.00637788437437018
0.0117318831547494
0.262257603418845
0.0263458074593275
0.0439420545628423
0.138692043659345
0.235650682723703
0.0418681509408405
0.0956916444398328
0.276898495382022
0.00131703288994934
0.00131703288994934
0.21859182290813
0.253517342436046
0.21859182290813
0.224250742155239
0.234914730377079
0.197726976656171
0.211239166924566
0.177850782979532
0.202303600725768
0.0905428183236742
0.208601422917784
0.0891391353279443
0.193882914707742
0.0421193081973178
0.167628970454965
0.00161287791315347
0.000702932406588688
0.00401966955364206
0.168958745778248
0.0543205557406259
0.0263458074593275
0.263919552804097
0.00733928529870977
0.104436371019105
0.144136460332027
0.112943495140823
0.216299499819651
0.0609721778244283
0.0205332157502382
0.103279024453006
0.14708046424614
0.0470693754954624
0.170005562871656
0.0210256932620892
0.0248488686134384
0.228470828787182
0.00538276714882187
0.00464561807992221
0.0953148673134956
0.0308112226677365
0.0442927310742882
0.0196670792932699
0.266233540141392
0.127686491456287
0.0178782357055779
0.237704170541318
0.0196857811144515
0.00964613874391674
0.107891395440547
0.126944958492428
0.134628783737008
0.0366063423036674
0.154682576127728
0.253517342436046
0.24881906643348
0.0313631289516069
0.0382519199502487
0.0139724638775699
0.192421098700579
0.159353194625809
0.256006117327922
0.0249212507120587
0.258461856980739
0.195039843622883
0.200629421465582
0.145949011808514
0.0404939157285838
0.0196670792932699
0.00398281516164117
0.0359073472558497
0.208933214716174
0.154471677986438
0.0863612251194434
0.202977339671552
0.0247983099767964
0.0392485059918953
0.0560640717503224
0.161989045866254
0.159353194625809
0.0462259660393954
0.228834565434958
0.0115450551267268
0.0914071387954048
0.188980809157237
0.243888225401765
0.125386632430727
0.256983237151704
0.0141145193364849
0.014261330624292
0.00398281516164117
0.268246301492534
0.00806244644279736
0.00172077699541826
0.0168859516990983
0.0450307214839216
0.0958054110755768
0.144136460332027
0.142075845947098
0.0919566575969478
0.0561358082596308
0.0292659790610901
0.0919373930075773
0.00684708284978787
0.061300319829665
0.00753527246411016
0.012660447835394
0.177503314637373
0.216360181462969
0.161656566290885
0.0023069241731643
0.0323201439472657
0.00168345106440941
0.18474014287656
0.132322796101595
0.24881906643348
0.165232934723213
0.10420927620968
0.124306363084656
0.0336506724076886
0.211239166924566
0.134615627791613
0.121856195466371
0.192067553880302
0.0063328052839385
0.0919153862820577
0.00243077676206487
0.0336466171319183
0.000284154884813535
0.13482017881942
0.259901086199343
0.12715099095762
0.142496860934759
0.113064029178701
0.23247472025833
0.0455359468764531
0.0295076395427316
0.134615627791613
0.012660447835394
0.000624858986078327
0.0487519211569198
0.159265776136695
0.0160377765435574
0.0905428183236742
0.00445665041562435
0.0612821474866079
0.183768829968858
0.152629788522445
0.195648071297164
0.142075845947098
0.135682116948315
0.253517342436046
0.104436371019105
0.026852397724576
0.150614717838082
0.0619791395439078
0.0664429047361793
0.262349753094704
0.00122281464478426
0.0442927310742882
0.0343958419729452
0.126688060557443
0.0627776875724142
0.0778673153205534
0.267736618252303
0.0310491313293598
0.247262190263504
0.199669038266393
0.248309990260612
0.204403126236893
0.0995909367207433
0.233480640998733
0.106378152707656
0.0264938268233997
0.19100046602787
0.137466502623538
0.186598286955953
0.0730841383227932
0.166354798260479
0.253517342436046
0.126944958492428
0.140293428898053
0.142783876048816
0.0801639555788803
0.199755523397577
0.200446476231901
0.0774081379871059
0.183496002614965
0.0327804301490006
0.0705655978751999
0.0904965521803187
0.247734177660097
0.135483431555856
0.006758267849378
0.0681069844124243
0.00281946475133574
0.0114908738927201
0.0736255962552205
0.053108605263635
0.126319789159624
0.0536350930224472
0.118478816890744
0.0956916444398328
0.153147712591569
0.00107959647957631
0.11495840279666
0.022491338492874
0.0404939157285838
0.115263317030753
0.266972794351577
0.159353194625809
0.0832198697286235
0.00918347177790866
0.253517342436046
0.0609957803884281
0.134796421549403
0.269827732129209
0.262257603418845
0.167628970454965
0.0919373930075773
0.205184209096842
0.0947223716444712
0.0150260089682184
0.159353194625809
0.259361525745334
0.202977339671552
0.160505671265035
0.216642718187495
0.218175109088188
0.207782462895747
0.0547551715671825
0.0878728780685829
0.0263458074593275
0.012660447835394
0.228467639208279
0.192421098700579
0.21925653268681
0.228470828787182
0.0431007975917772
0.0135340218283206
0.0767684111071975
0.00373675350042468
0.0034422035131249
0.266233540141392
0.0339988364480434
0.205152340696088
0.235650682723703
0.0766693667660826
0.177525887234714
0.226967417335327
0.0913256537034711
0.207836386844356
0.267947465651126
0.225031595925976
0.0327299070224202
0.142075845947098
0.00390103656675063
0.0686640883690371
0.161989045866254
0.119846753321416
0.00445665041562435
0.0008122323568296
0.0144801215910287
0.0245846321698128
0.0431566608414708
0.0263458074593275
0.208361506349132
0.132281805025662
0.11018399368941
0.133297957809226
0.00826810763860066
0.0985841449017329
0.0907932609788748
0.233425971138751
0.272950205637755
0.0747449349914761
0.00668679781507828
0.209449432975369
0.188980809157237
0.171451303316787
0.177387609544285
0.00578926150700987
0.114913079419001
0.0486019426635502
0.0482474989248881
0.0244590718186394
0.0569050959881281
0.249416404056202
0.259519210576082
0.0434664951354021
0.114670874187719
0.16996541761677
0.192504773010512
0.0340212160957255
0.0456307177866099
0.266233540141392
0.0747449349914761
0.13438590716294
0.269827732129209
0.10519151638732
0.0288805479097972
0.267947465651126
0.00123231085093156
0.0768973856823302
0.0819989529863304
0.0344589509596621
0.21216237920949
0.0819745962199952
0.177850782979532
0.104436371019105
0.00390103656675063
0.0707699800119229
0.217390867054341
0.00346679459424283
0.0166960236555203
0.113481108092869
0.0100043342198512
0.268246301492534
0.035988725558558
0.0543205557406259
0.255343743506725
0.0171056971161317
0.0208150111430296
0.0772896979317678
0.0373985056572847
0.247847163812049
0.211239166924566
0.171974953885008
0.0285048815223279
0.1236656739791
0.175246449379569
0.16324629133911
0.0826084733021028
0.26869277039213
0.269213586823742
0.0147705277870595
0.156620796445198
0.183768829968858
0.0012801076796537
0.125284065308613
0.200629421465582
0.0389061416840092
0.231589982598112
0.140213462763542
0.237054945642955
0.0969679962740719
0.141582336753229
0.160294210738884
0.207782462895747
0.140293428898053
0.153236796469695
0.0264938268233997
0.00592529523242931
0.0894414158648603
0.0740081609036816
0.192067553880302
0.0260112019365412
0.0990559480144733
0.0263458074593275
0.246896956131003
0.0118432828527204
0.124046062798122
0.106300445250448
0.0103867209068483
0.0397553007048237
0.269827732129209
0.00413124089717651
0.0196670792932699
0.108173438159563
0.0735461354120336
0.276055658279626
0.154471677986438
0.111487500029919
0.177503314637373
0.0418681509408405
0.0973686261210759
0.233011754138256
0.164046386859767
0.230601124463208
0.0255897628971506
0.21216237920949
0.13617139781984
0.105718661798361
0.172767840597693
0.104959223447106
0.106378152707656
0.173055881433389
0.066009370342124
0.017587104141719
0.22188960284267
0.0115450551267268
0.0140517107376484
0.0327299070224202
0.0226587732190961
0.225832165787488
0.121153354882782
0.150775695476947
0.0740081609036816
0.0136712658478321
0.03786772513154
0.177387609544285
0.134615627791613
0.207530688939084
0.127576971550477
0.0323201439472657
0.0236708489797451
0.00433704204323416
0.0569129238835383
0.00381952350463214
0.192421098700579
0.0154642817677432
0.172767840597693
0.0483180862761265
0.00269231120089395
0.000624858986078327
0.21925653268681
0.0366945272370601
0.00482975761373219
0.0310491313293598
0.0889493510087597
0.0306825246853079
0.00571998402800211
0.107205111584666
0.18876644975388
0.165234834771177
0.277434169666406
0.0665018060763568
0.0358273911580679
0.0185824161170337
0.00625399184392968
0.0483180862761265
0.0746460951960411
0.010367024854061
0.0263458074593275
0.202977339671552
0.0593233030389298
0.257831496002942
0.217223980582608
0.00924508553894582
0.0387560717641696
0.230601124463208
0.00806244644279736
0.273212355879783
0.012660447835394
0.021460353655251
0.168060504803166
0.0750512063049535
0.0336506724076886
0.0547551715671825
0.142721527710563
0.0701275345411422
0.171264212473419
0.253517342436046
0.0263458074593275
0.0178782357055779
0.0633478746897871
0.0194898467437583
0.258461856980739
0.178503215203857
0.266972794351577
0.0593233030389298
0.236857196559457
0.150892480284178
0.259901086199343
0.112080324003098
0.25870660857583
0.00459421089183008
0.0847462566831554
0.25807026626506
0.0244778726207853
0.047986018408739
0.267947465651126
0.116221636207439
0.00413124089717651
0.0155260668062291
0.150892480284178
0.00400070078545444
0.0328552632765855
0.04459397226045
0.00574854099704821
0.064856779236273
0.195900999669107
0.212907847373923
0.0682893575668783
0.00940153105466066
0.247847163812049
0.0749557346285682
0.0966633285761542
0.0382048199338894
0.146891902437438
0.143701098111251
0.072828168659348
0.0113081241562485
0.252396047844895
0.208601422917784
0.00234769571732505
0.128854881647033
0.207530688939084
0.0263458074593275
0.0289628139896437
0.0638678655347968
0.00325367459298589
0.121650649460544
0.158723200831971
0.255128804066867
0.0470693754954624
0.156842086402166
0.218032628895573
0.0128281872612403
0.238610368531098
0.0128281872612403
0.177503314637373
0.114670874187719
0.136649523583072
0.191736275102558
0.175246449379569
0.233425971138751
0.159353194625809
0.25807026626506
0.240290981280152
0.273037893034963
0.186484046977588
0.250844389715103
0.188357775947369
0.267947465651126
0.158653821104374
0.155529089343698
0.26829817552976
0.230601124463208
0.00746795533006433
0.192557131823176
0.253477039496052
0.203504002804807
0.236857196559457
0.118478816890744
0.0996133430364738
0.177850782979532
0.228470828787182
0.253517342436046
0.16996541761677
0.228840101945415
0.236840981545175
0.143701098111251
0.00596807113605066
0.00604810029430113
0.0878728780685829
0.0023069241731643
0.0161229131517362
0.00763158347574967
0.0752616552886602
0.0118432828527204
0.0665768378577011
0.0178123454558359
0.143701098111251
0.253517342436046
0.0443223799105818
0.144516689541295
0.156377400797822
0.0365854906516868
0.00539873627286774
0.0268192636140158
0.0260451288418281
0.0175585638514127
0.00267533628372905
0.00265124499021585
0.00107959647957631
0.177850782979532
0.00337909087601675
0.00522337948624878
0.0226811703403348
0.00107959647957631
0.0113081241562485
0.066009370342124
0.0592304863328125
0.016474744800483
0.230534625039996
0.00390103656675063
0.0113367834502313
0.0194898467437583
0.0706782257874498
0.0577221435350418
0.260772141696818
0.00572989662458003
0.111487500029919
0.247734177660097
0.0279743561093088
0.000816326354947753
0.279952675307443
0.23321015787724
0.0196670792932699
0.188980809157237
0.00325367459298589
0.0123093078626638
0.0919373930075773
0.260294891161479
0.0806751690497023
0.123509849236956
0.121650649460544
0.017047729487724
0.0431566608414708
0.00940153105466066
0.00266550465474338
0.240143842808298
0.0571185155914551
0.0050584209405418
0.263919552804097
0.266192376382062
0.159353194625809
0.107205111584666
0.0088277535774848
0.208933214716174
0.0504517467265331
0.104436371019105
0.150823383792659
0.277915316989543
0.0678326957844269
0.192421098700579
0.258857512773427
0.0240268393773543
0.0263458074593275
0.00998656029714058
0.00301883210308799
0.261049894607339
0.0226811703403348
0.0101329426233993
0.0226811703403348
0.0405721636096696
0.0590166724008399
0.180899509695199
0.00806244644279736
0.215238584788793
0.0343958419729452
0.0740081609036816
0.0248808421050796
0.21859182290813
0.278336656654561
0.193427610582579
0.114670874187719
0.0379862567914186
0.144174498416411
0.260460724113078
0.177850782979532
0.183768829968858
0.242379197618992
0.113254643915218
0.0593233030389298
0.0482345400816611
0.00325367459298589
0.21925653268681
0.103185283641327
0.0404939157285838
0.0993636691532866
0.269827732129209
0.268246301492534
0.259361525745334
0.236051822454673
0.233992103416513
0.00292112103731214
0.163821876766654
0.122008107176571
0.267947465651126
0.0366063423036674
0.174365739754321
0.0197831591501021
0.0461307460160166
0.11018399368941
0.0100428737900765
0.0776438130723571
0.261836862700823
0.135745049081073
0.0817562735175709
0.142496860934759
0.015636283767807
0.0306572839697378
6.50755238897132e-05
0.269827732129209
0.236141320414595
0.00563961038729365
0.109863604000315
0.192421098700579
0.176998266428521
0.00720545214063139
0.245309041195421
0.0394528733616204
0.230391418531389
0.243345342796009
0.258741072364043
0.197778712857073
0.0569129238835383
0.0442927310742882
0.0247983099767964
0.274874693234648
0.0203879253737392
0.0650304601478598
0.00592529523242931
0.0201810617943911
0.00464561807992221
0.136671396509835
0.208943606869192
0.231589982598112
0.0146189993344612
0.0486798636431228
0.0201159238297022
0.271898760969119
0.177503314637373
0.154487724500228
0.0365854906516868
0.0373985056572847
0.26472257039202
0.0806751690497023
0.147067759621249
0.253517342436046
0.231589982598112
0.0783276478722135
0.270403754668293
0.19100046602787
0.0127175919910671
0.00578926150700987
0.0365854906516868
0.0189454878840614
0.235972890880224
0.0243197625126362
0.00843226683825651
0.212843237706737
0.263919552804097
0.114670874187719
0.0161921547893042
0.161989045866254
0.112080324003098
0.233425971138751
0.185908082927611
0.234914730377079
0.0088228863816541
0.0485017353459613
0.217223980582608
0.228470828787182
0.165234834771177
0.0143758603876874
0.180605578361889
0.0487519211569198
0.16830404837591
0.202837525551379
0.164046386859767
0.180120715331742
0.249244123211728
0.164376613920363
0.0236708489797451
0.108855694902287
0.235598158801002
0.0686640883690371
0.0304100314354188
0.258461856980739
0.057448293770197
0.026852397724576
0.132765040567622
0.164310145405273
0.260894796847496
0.228470828787182
0.104476221998411
0.0339720777015564
0.139026545879877
0.277434169666406
0.232953656512271
0.248792507382144
0.250452494658713
0.278320257919132
0.09479887079903
0.225832165787488
0.109547214354266
0.202304663583193
0.268246301492534
0.000780695529135519
0.105597872488865
0.0201159238297022
0.267947465651126
0.16996541761677
0.0641182159080749
0.259519210576082
0.0226298917175384
0.0336506724076886
0.0431566608414708
0.261049894607339
0.165300341765474
0.0333972675239938
0.198745005124183
0.241292231309345
0.196526771810966
0.183496002614965
0.108173438159563
0.202332553766015
0.221105007316655
0.00395559647665592
0.106254657916495
0.0892965387057326
0.0263458074593275
0.0308112226677365
0.0323201439472657
0.159353194625809
0.0366748435576529
0.244439468009702
0.214658216969009
0.0163244281036064
0.107205111584666
0.0392485059918953
0.279620498110366
0.159183727122108
0.163117023633448
0.0483180862761265
0.0132097250957534
0.136155666668191
0.158889026125619
0.00948552321681307
0.112080324003098
0.0612821474866079
0.164758225182135
0.132901664736411
0.263919552804097
0.16324629133911
0.21925653268681
0.0183799637700822
0.271994758356132
0.0203976592059003
0.113348856445595
0.152417721994894
0.0427739925607011
0.199755523397577
0.00596807113605066
0.208601422917784
0.137915004008826
0.273270536464976
0.267947465651126
0.199055369719336
0.0483180862761265
0.0178123454558359
0.0730841383227932
0.0533905580131417
0.0825472533502716
0.000624858986078327
0.118478816890744
0.24905378970088
0.235650682723703
0.112088295396171
0.155808541060906
0.121867915010891
0.0132097250957534
0.000624858986078327
0.016474744800483
0.25807026626506
0.169433805187467
0.0027811780739703
0.253517342436046
0.16241970432213
0.0289330073549249
0.0893268496743701
0.224671182444218
0.237054945642955
0.208601422917784
0.03786772513154
0.00390103656675063
0.0301340496164119
0.00948552321681307
0.0598654340315464
0.0442927310742882
0.00172077699541826
0.199055369719336
0.172687456097985
0.177503314637373
0.215238584788793
0.0196670792932699
0.235650682723703
0.197778712857073
0.0795414475062587
0.232565618767153
0.0155260668062291
0.0202029264956566
0.026852397724576
0.175246449379569
0.047986018408739
0.266233540141392
0.0241018464154439
0.112180360280265
0.278336656654561
0.0294780364745234
0.0210249994667939
0.015636283767807
0.0977976175562566
0.227017809517325
0.0068063892833748
0.0615205154513614
0.223750395457137
0.0366063423036674
0.266233540141392
0.0409249899373152
0.207530688939084
0.255246103042029
0.0785788216955676
0.012660447835394
0.0310491313293598
0.223750395457137
0.000624858986078327
0.0329407786324702
0.188980809157237
0.025016136172019
0.0253866312700648
0.0430490249018047
0.0248488686134384
0.209732743070474
0.0520118531293273
0.103249287027148
0.064856779236273
0.142806102885221
0.0333766847415013
0.241857731109554
0.0310063482824394
0.035988725558558
0.269401672206998
0.0248488686134384
0.0263458074593275
0.0615205154513614
0.0248218750896322
0.0996133430364738
0.27621877513399
0.0136712658478321
0.0774081379871059
0.0364119858326101
0.0257388874643586
0.059083454691723
0.272950205637755
0.111487500029919
0.138304738391551
0.108240788745964
0.0832198697286235
0.124046062798122
0.129338537526492
0.219804680820881
0.19100046602787
0.0408525969879576
0.0492337082043625
0.208361506349132
0.00682048269890635
0.0253866312700648
0.136155666668191
0.266209107075529
0.0612003552996342
0.000624858986078327
0.00673277108894613
0.00821798203106961
0.11018399368941
0.0404208032193492
0.0426475959321617
0.0402901776597444
0.24905378970088
0.0505810728005364
0.0191230056995959
0.0088277535774848
0.00821798203106961
0.00172077699541826
0.0500782417075123
0.0162037623092035
0.0310491313293598
0.0579257799576484
0.0730841383227932
0.0430585218509109
0.109842470865252
0.0196670792932699
0.0431566608414708
0.00563961038729365
0.0314186591785391
0.0407097167142918
0.00597136938885513
0.00233374595853063
0.00142540732912771
0.136649523583072
0.00107959647957631
0.0253866312700648
0.0203018672782573
0.155808541060906
0.236840981545175
0.158267984360713
0.0591026473501105
0.00918347177790866
0.24905378970088
0.271898760969119
0.204403126236893
0.0321669155680012
0.0746460951960411
0.00401966955364206
0.00107959647957631
0.0496250638295273
0.0418681509408405
0.0592304863328125
0.00244945766843724
0.0103512726432516
0.0364119858326101
0.012660447835394
0.208601422917784
0.26869277039213
0.260628555980343
0.208950451715394
0.00571998402800211
0.0561358082596308
0.00137702271678276
0.0339921629168641
0.0226811703403348
0.235650682723703
0.006758267849378
0.16722746575673
0.18474014287656
0.182222690979201
0.0670851027704525
0.016474744800483
0.170063818595679
0.19100046602787
0.146627389951465
0.140416426573495
0.106378152707656
0.119172701065248
0.0905205105681435
0.100416073151225
0.207370568290884
0.153147712591569
0.116221636207439
0.0023069241731643
0.000624858986078327
0.216360181462969
0.0236703796336087
0.135876049171883
0.161910845278163
0.266209107075529
0.187704105836308
0.236051822454673
0.106878761602425
0.0144801215910287
0.0627776875724142
0.204403126236893
0.236840981545175
0.113254643915218
0.00556623234920738
0.266233540141392
0.222374273543539
0.0364119858326101
0.230461740274289
0.0263458074593275
0.159353194625809
0.0129831431977418
0.259901086199343
0.0168663574835173
0.0835003583663717
0.250383869156606
0.266209107075529
0.0782717559792228
0.205786743508498
0.202332553766015
0.118211255748683
0.020772889358527
0.0306683845942855
0.101792769807067
0.0150260089682184
0.006758267849378
0.0375395081810629
0.158889026125619
0.0486798636431228
0.208869456540027
0.20112137126639
0.0160676697984789
0.105537659736452
0.0160676697984789
0.0470693754954624
0.115191116737478
0.21216237920949
0.228470828787182
0.161989045866254
0.242379197618992
0.00243077676206487
0.00671120102695822
0.212180515797195
0.026852397724576
0.241450274499612
0.204403126236893
0.268246301492534
0.260945192536381
0.113348856445595
0.0593233030389298
0.0427739925607011
0.117083249235813
0.106878761602425
0.0496868010105734
0.159787918591889
0.154487724500228
0.0424021185579783
0.203441341142943
0.0263458074593275
0.00510842623701708
0.00418546528182302
0.0996133430364738
0.100416073151225
0.0205790250661897
0.0600631753598067
0.0130333639478645
0.228840101945415
0.158889026125619
0.143701098111251
0.0185824161170337
0.0340212160957255
0.0919373930075773
0.0514143394317601
0.0427691226220876
0.064748426529551
0.104436371019105
0.138262166322415
0.0945087927096239
0.124046062798122
0.239604394344755
0.0643681705783873
0.237901068245346
0.0253866312700648
0.00161287791315347
0.0508908925753289
0.204601049870248
0.101792769807067
0.0999619534904104
0.107205111584666
0.00445665041562435
0.208262976554901
0.250767417605535
0.215238584788793
0.000624858986078327
0.202303600725768
0.196007321565192
0.263919552804097
0.0365973256248505
0.2574443625958
0.0967238387431512
0.123866111170496
0.00131703288994934
0.183826261869865
0.0161921547893042
0.119628203966859
0.0366063423036674
0.00596807113605066
0.0123093078626638
0.00410904216362802
0.0664429047361793
0.23123332799586
0.185908082927611
0.192557131823176
0.0191230056995959
0.00720545214063139
0.204403126236893
0.0343958419729452
0.0969679962740719
0.119729727196091
0.248309990260612
0.0478328602407377
0.146627389951465
0.24881906643348
0.064856779236273
0.026852397724576
0.26869277039213
0.175217899708007
0.260772141696818
0.00861315721315694
0.147802118989145
0.180120715331742
0.207530688939084
0.00172077699541826
0.00112248971215173
0.161989045866254
0.0860265249754883
0.107492856791437
0.0144801215910287
0.230830856235759
0.00821798203106961
0.177850782979532
0.223750395457137
0.114670874187719
0.126688060557443
0.0252352022742556
0.0404939157285838
0.0088277535774848
0.200629421465582
0.0905428183236742
0.0118467273283213
0.192504773010512
0.246484525856326
0.00719046853662657
0.0739532751048778
0.165085366848895
0.0191230056995959
0.00298965142144322
0.26441324280291
0.0577221435350418
0.0918579150017535
0.136649523583072
0.0456307177866099
0.0441146321365783
0.000702932406588688
0.0203018672782573
0.116961864493826
0.0849665709878553
0.256975021808782
0.119859470866643
0.0263458074593275
0.0601151862349763
0.0713356803365455
0.177503314637373
0.0247983099767964
0.0461307460160166
0.0641182159080749
0.00172077699541826
0.177850782979532
0.250767417605535
0.00924508553894582
0.0484259384523789
0.180257626812149
0.241292231309345
0.0672299354326656
0.105537659736452
0.0088277535774848
0.24905378970088
0.124046062798122
0.0412370708881893
0.258857512773427
0.0536350930224472
0.208601422917784
0.228834565434958
0.143351813361344
