0.836472727941602
0.457982729987117
0.918046161140257
0.169014262314336
0.973455610816311
0.588289960391801
0.124184803726677
0.482430869209657
0.668852332587001
0.0095257396773948
0.84026839993626
0.411083648040242
0.601577536690887
0.157441101696038
0.825916920346492
0.701180630171416
0.829584402553117
0.27467846972408
0.0573615293177564
0.138959253442553
0.007922080095751
0.108507030967141
0.484892273764663
0.111245458363292
0.889182337983536
0.214532816909476
0.0925726787574318
0.354033132428601
0.838376850657189
0.204645665455947
0.898945823329916
0.238795272023033
0.334145921238503
0.803095409342624
0.302387272291504
0.947345088153427
0.235461934914452
0.28801057096836
0.189068537109866
0.00169151849254618
0.245827028487318
0.226804843578829
0.0184101169423602
0.553136662914711
0.308438736453076
NaN
0.00069867526660185
0.30846528870906
0.474325905111256
0.0708033414255668
0.0702672131975602
0.091515127139536
0.64011695528157
0.263208367591538
0.619332677870309
0.839116905623459
0.0757890699236411
0.841886398296632
0.568896733908747
0.64227671209933
0.213710536271155
0.734644997183517
0.783543911467464
0.818415800859809
0.743785237568504
0.0672349579750436
0
0.0229934066784612
0.722390537773697
0.020840836823622
0.000128153726484919
0.76389625178429
0.000201454852664839
0.831757994259163
0.0939540015047625
0.0157977238502104
0.636643833967976
0.523269533867812
0.0602475487501229
0.0522377292685218
0.67857167903392
0.743774575638512
0.179854567303741
NaN
0.682931668875561
0.210680705015022
0.728256293703264
0.0216707288974215
0.551807085816046
0.108453205765742
0.0449817744303862
0.0295915041579623
0.451402615973341
0.333603812346855
0.55378225145079
0.688099229865834
0.643873154418975
0.963695544401205
0.0312359224242849
0.227353991970052
0.529311978134254
0.606745645925448
0.00175120951203929
0.806011809363726
0.896476809773596
0.0819877281812832
NaN
0.311830830830731
0.865750044244808
0.675993822639451
0.469768953594076
0.771589545625815
0.322533426563034
0.00159238346267327
0.524554516247438
0.0452300922077518
0.0292841188893065
0.0236569776604255
0.097587567808047
0.0913431927624466
0.883499064444429
0.0345976005424924
0.00377357961098848
0.000540641442704441
0.000188347683377331
0.542154680027343
0.846454096815381
0.197163452612023
0.197790824901727
0.0272765745859573
0.0259496166975414
0.246913114146704
0.104266569361902
0.688721075899537
0.00599433882218766
0.410549831685169
0.167765417610188
0.0312386498977625
0.184336725688411
0.0772270697791381
0.377954498044163
0.409827117332214
0.00982135545761306
0.943543454182598
0.329505543177086
0.358739215963404
0.417122023049728
0.863928186082912
0.0327424458993128
0.0482245881496269
0.394413217900916
0.101520357006851
0.679501329108076
0.024994139347097
0.849536443797028
0.00335771806638523
0.0842893189804214
0.284594593506133
0.275341475872507
0.181622859041005
0.388917901685197
0.582969680176043
0.399879229608542
0.232156000337605
0.0199116892481636
0.240616649054016
0.281448254267487
0.06170476310774
0.650636605932625
0.234309746072495
0.863589699362645
0.770285173324027
0.0161689363149283
0.0293806182062412
0.0743630900767388
0.818396360426436
0.0587520413278977
0.0224808875229215
0
0.0212772776187418
0.330562006828266
0.00221657969294298
0.519776097857039
0.6041871616094
0.643806117599884
0.954191173806178
0.00681007237029281
1.67441969594022e-65
0.48059733090848
0.906508261230559
0.730986312891176
0
0.308555536423089
0.76299534578288
0.880986104506232
0.140108250373435
0.311353213972417
0.121688973766778
0.0418623837093222
0.485475239037053
0.795425457788124
0.0397312857677635
0.0773440218560102
0.496522542995904
0.0891323793112945
0.0751803610476438
0.0840639634307913
0
0.173928549439265
NaN
1.22944296283639e-61
0.792637680393025
0.0543494240797626
0.0440076235925156
0.472300976886607
0.878210093489414
0.312366095231865
0.362335672993966
0.450688719682236
0.0232654433013961
0.178652431146665
0.742013599104891
0.00246366326257068
0.855791194895646
0.0940362312604035
0.0577809592122963
0.051962513757325
0.193645266815038
0.321657976079344
0.666689373360015
0.570317570509032
0.981703254102431
0.00102384124464472
0.708671270513408
NaN
0.916060541288175
0.0516880794714022
0.0546133718591422
0.0193531122039611
0.729883807635154
0.256860038659025
0.937444745860522
0.702953511273182
0.941597030085827
0.19232866643481
0
0.695582472537774
0.375389726329789
0.340380054179573
NaN
0.0119002909401213
0.0972613488000389
0.362859087275865
0.811450858665909
0.0260310751103354
0.118794613467194
0.450403753728204
1.21437153100985e-61
0.413007045887555
0.486636411298091
0.472392679713411
0.588134349749662
0.46223269953143
0.0798725643836486
0.999084759448738
0.0195501176616045
0.888426410508864
0.00230896815638648
0.775658218457794
0.0558171278166114
0.440873324483856
0.254220351486177
0.0534394883564257
0.481265968070234
0.835517599564124
0.346191553261101
0.357663035542073
0.615647280177704
0.243126091542189
0.13107650214256
0.205584325553313
0.459893231388471
0.144482592578046
0.564184040245072
0.0854343689791125
0.000247720072937712
0.540650407565084
0.431327739511242
0.575803659487071
0.819492054397987
0.67709003811524
0.00758186627345922
0.159513618405517
0.011323921724636
0.798994167920787
0.928850166077835
0.215253535335514
0.916979665286654
0.0363268319059292
0.147363062371014
0.196472947375995
0.069100757568539
0.944470109150837
0.481220133779131
0.0301657944652209
0.192354645894672
0.0328673405691179
0.94806924616571
0.0152748687256625
0.237820642357573
0.129165187596783
0.0515178789393094
0.00502381013813605
0.0109588729750277
0.380377118486353
0.351313150659387
0
0.406351546769984
0.989975066973119
0.134971526897764
3.55346289553024e-05
0.419069756849519
0.000456076453224096
0.160732952315515
0.711139465733201
0.17185630625295
0.265492138685648
0.22980471167847
0.606486323399827
0.508439152047132
0.000346044445674803
0.440823205181965
NaN
0.841641560320231
0.425990336395289
0.65696124065789
0.0524613259635923
0.00109308887914516
0.308355720033999
0.605589942347546
0.600443737315282
0.244318265357913
0.120109296380669
NaN
0.0354550974786202
0.478085327958754
0.110870383548853
0.0369329437508078
0.257264030159536
0.839420600718984
0.590474660565728
0.338664867522561
0.859331379346687
0.282478737453555
0.0804235152074856
0.383965474398958
1.22768824949035e-05
0.873950104119836
0.0535578267341283
0.81870911950695
0.48679743093934
0.137935452415479
0.503173982756809
0.723535678165175
0.449473089524107
0.294779278503564
0.0992869051456817
0.000359687061667034
0.427195728870467
0.325144654760531
1
0.215715152073202
0.003394147282799
0.0208353436891083
0.0102515596572321
0.0316192464401644
0.84159992041667
0.088610857916894
0
0.573385607678147
0.379108937390132
0.00780044034195671
0.538090101647547
0.0333224016442683
1.32032994421726e-05
0.939608662652681
0.481201419751342
0.616939018773743
0.788611903937681
0.50262400084392
1.09964514047972e-63
0.759554003067786
0.0318985429927403
0.600844277363585
0.648446679945957
0.0122839745888413
0.632141713063708
0.327882834851829
1.60635601883593e-58
0.0215613593157546
0.0781049952335619
0.529388704032352
0.10948205309987
0.579996949259151
0.617751378620721
0.910373675062747
0.398203954639
0.0124678119456752
0.421561482889728
0.0171596006793947
0.842524592947941
0.0531910914564863
6.20066287845307e-07
0.0442765584699656
0.424862812386586
0.60001040937403
0.86664502473228
0.29552356164016
0.447032570145226
0.0769884413943924
0.365123346050109
0.955969896699514
0.0863999665024378
NaN
0
0.684365260088375
0.884293192558772
0.00841325858374648
0.0323739136343568
0.416585523516629
0.808240764583118
0.245233057427322
0.908238663238446
0.043180999668043
0.0193496661723013
0.608922120612482
0.0794805151067304
0.807346315432868
0.152279687661603
0.00764579075588763
0.60886932288328
0.241764789920135
0
0.191761532685763
0.148491727518337
0.125205084173385
0.00746820825264408
0.189970217509533
2.78797871927167e-65
0.00645921581810019
0.7669359622133
0.211810398203426
0.64331692074802
0.0834430438256521
0.132007069104029
0.433669642444644
0.918063086483377
0.216816253291334
0.681127486635198
0.0517952637992151
0.704300800252738
0.732685131531467
0.170417046702045
0.0100521527700786
0.770259681228461
0.00162970296727964
0.00138089710230276
0.0685214203069562
0.301623100567648
0.457073591454374
0.318139473806935
0.359311538306926
1.05369855991996e-61
0.879882362546822
0.247356134462771
0.00382053377126696
0.505044826897282
0.430921961486165
0.329850492029472
0.213135504262037
0.0252785881466623
0.310926280617033
0.539863908548538
0.700206515771975
0.485195373585383
0.349836952193433
0.719843019160779
0.670458381964443
0
0.806719513573468
0.931653148337584
0.0462003820340114
0.321744071828659
0.608378225336573
0.70173469305769
0.718291541023147
0.130152708607763
0.626271650929503
0.807088573713047
0.624290376338534
0.453093289376412
0.0572187831997504
0.209729390316704
0.0304864029686793
0.880334816650978
0.00170403574224392
0.086670355003204
0.832857799647158
0.971293552299217
0.897028476668728
0.504378069181886
0.301675368107037
0.342375159822238
0.121403604098022
0.385248821219259
0.940282434657734
0.348849073328106
0.831941309354458
0.205581045434713
0.000375874057756835
0.146655525737659
0.217487651741935
0.551375968031662
0.69286220477171
0.144487405620545
0.41150289629001
0.17829910871452
0.912034184808418
0.279103760017671
0.725324687713874
0.00103907385626606
0.440409369868727
0.0453064771736867
0.173290050187096
0.0199275795948114
0.127458377129688
0.0460593993484194
0.695489241983809
0.196937672906396
0.96763551777705
0.0701204516531272
0.0493795126496026
0.0841967915523365
0.00232366633837614
0.731978442112178
0.0510468716701055
0
0.803228421412614
0.845325615977274
0.548762943542365
0.252489064561793
0.748032395622045
0.799997154421574
0.298849751591367
0.512775151208979
0.0182717127418037
0.615567330711665
0.090836317086973
0.272298571116442
0.196109400501516
0.0032740297245595
4.12255606932747e-05
0.132621927897601
0.796341071491963
0.00270155238464189
0.0144133642648919
NaN
0.411810924082395
0.0418928446661255
0.382195484086628
0.286358080639115
0.138032126655576
0.326166031432231
0.0298771527612392
0.0473503597829375
0.531419872857625
NaN
0.102795935329135
0.502355126707258
0.0303120432136035
0.173067285248486
NaN
0.00618640856686535
0.113732833313257
0.0271745514667341
0.338678464605483
0.297995047239378
8.78795551166651e-64
0.135641906036739
0.129825963465373
0.0207283327224831
0.968752000852701
0.599118772543272
0.258108010103742
0.00492637205270592
0.391563709303249
0.343972789755268
0.210056796745151
0.928585875733721
0.00128011056080524
0.63782663400857
0.394311660466322
NaN
0.386881563085846
0.221545181199101
0.00156253791515301
0.724043482163552
0.102301331157294
0.0396278870637293
0.388527302265324
0.311279236256189
0.00990014328293868
0.106528050957533
0.0596306166807826
0.268436584814474
NaN
0.870762333522303
0.290569290985028
0.00103327565346556
0.730259401898081
0.709812316274871
0.963352419551241
0.256346605301175
0.19784286015223
0
0.643596023136919
0.763209713564211
0.0119464385448095
0.0827751814022136
0.459230324576053
0.425890715127174
0.394634855253371
0.642112339157147
0.116150472945317
0.00474437773921622
8.01178084056731e-05
0.0732879619379342
0.993419669888764
0.00914828588327263
1
0.0751800564672095
5.04464138888605e-05
0.789646278664356
0.0291258230546478
0.0163385266539018
0.0101175189960735
0.955246479581486
0.00592263994767657
0.289737909505521
0.498539366597007
0.000722038290044624
0.000905318407463849
0.230035222412804
0.149544295518388
1.53825236965656e-05
0.343541057124404
0.596616754939882
0.619275736351031
1.37340376283054e-66
0.555859044755705
0.0945905876909171
0.286396961255725
0.384223059341651
0.0120317266299557
0.89322331931982
0.665285018929224
0.84515122465375
0.0157919459280284
0.937998355947828
0.602367428508655
0.000701817173828898
0.400908841482934
NaN
0.0285961336239843
0.135432121657925
0.0163591616530791
0.116451070781322
0.0558031925409169
0.934095378268868
0.194350477054639
0.451331887810196
0.0777893314293505
0.321961913639024
0.371419441429863
0.969863701289797
0.415477626716822
0.240757484256596
0.468174261740992
0.482447304139674
0.916557688174609
0.897459507282188
0.715212991477881
0.00473479459792936
NaN
0.0154235542145639
0.0097607022948316
0.314030960448672
0.895300680259101
0.607508543684564
0.00282976550205336
0.0683537467072404
0.249933810298883
0.281430130735535
0.0346262255884463
0.800578478549473
0.736306085060376
0.941530257479433
0.718324783355392
0.240223261883156
0.775028752985405
0.478252913438704
0.60938214224402
0.687747866272081
0.365589544269229
0.347603161913956
0.729409169716936
0.136355813912258
0.425053266141452
1.10611975377224e-65
0.612591926297665
0.003895996964097
0.416866679854761
0.123103331281915
0.856817120077092
0.978637421177127
0.204435148814391
NaN
0.257914943905483
0.0263979432697137
0.0822158331031332
0.000533520625347117
0.0207560466033081
0.849286113178269
0.93829347906324
0.527792378999495
0.533530463642309
0.028627750641831
0.11280639418438
0.00278670072132978
0.499545542264628
0.0927661093445927
0.0196948044219278
NaN
0.116399084378375
0.990167481358663
0
0.0643268720897703
0.144469204704913
0.457920029955624
0.113209657736899
0.154019595723752
0.529089024364186
NaN
0.233849773776314
0.448266175407386
0.198807533216136
0.544267029195005
0.312710627679768
0.556874754615028
0.318431325952337
0.510214821391594
NaN
0.230839690159229
0.869433509634646
0.974772847726221
0.14613030611744
0.594188451714029
0.258191704255789
0.736442175974041
0.790604893631163
0.217104821674129
0.611820004391916
0.302633067832301
0.343175098998163
0.0217921037330724
5.91439112874961e-06
0.174945821823469
0.402257261623302
0.0021591276322968
0.333854532192777
0.194811236917662
0
0.331908641504146
0.474420981247854
0.00455044445478027
0.739692684283117
0.0381938254977799
0.00200054857972919
0.416334683026247
0.3145319586332
0.000233601175682324
0.147173389865895
0.362748425977371
2.07405195322053e-05
NaN
0.83593381232658
0.00141812269923563
0.501379682014293
0.276078399275172
0.0100103030063829
0.975962226610348
0.0235501791915995
0.0359030627316195
0.116869035972191
0.885259838953339
0.91057988165077
0.447456022534457
0.266594100431208
1.31182200769497e-05
0.751245817416458
0.0261831132207705
0.933604664337239
0.00738640464883113
0.361703604500278
0.415047128145945
0.603572097096629
0.246151446881639
0.696340884823021
0.692967241248296
0.405700572654244
0.403593944059929
0.134538936886898
0.874795952640083
0.0233864468619424
0.261882196103172
0.00490754696701218
0.0918662219168746
0.51924345107932
0.0119841655350479
0.816648917392715
0.52719421574408
0.368898240538432
0.0599128617081783
0.00701887004239297
0.0205688690218342
0.822155738399499
0.927849672067554
0.734501944669046
0.317771082351054
0.430068249395907
0.15632786084989
0.486657888868694
0.16997855706575
0.198771076192367
0.418818357601871
0.0719690478074379
0.501889269984357
0.318196950557974
0.325150991154534
0.34733490180725
0.435740268335129
0.206351413591672
0.986021615311758
0.177145998631998
0.288658501199898
0.10481701077461
0.659514480990984
0.241280572214947
0
0.0444478099356434
0.595126778939634
0.269155512365442
0.37817010804609
0.113052674099144
0.132616914898064
0.675110627474177
0.137060628804333
0.788026084424626
0.025887988891861
0.0697548755493617
0.0297134015351898
0.910109348777405
0.332423583195615
0.465636084433015
0.132683642759588
0.238861971292538
0.219989625038791
0.703740874663561
0.433334356104891
0.296715998111374
0.638198365517292
0.710024095394593
0.234201575872791
0.754178069786415
0.0667070384969334
0.261625289880575
0.0140686674135387
0.633112155896666
0.212145792665455
0.108151801882168
0.719820235866494
0.947228167734917
0.622465808548504
0.0660780093981287
0.768220020866694
0.130530737754089
7.28988036195065e-05
0.647265857436159
0.843772225608644
0.644548098219261
0.357599559013796
0.203335915600206
0.556514346244352
0.423514194684739
0.63356772316602
0.666667622426467
NaN
0.0731409246692913
0.531951660950353
0.120054303276958
0.527961956594968
0.475577329765073
0.0740094593992162
0.189096966507257
0.340616001305195
0.605582926370116
0.998988480882074
0.390685618547978
0.602975922975611
0.980349963936774
0
0.466740931115489
0.630323081831081
0.251414277472684
0.1726079104535
0.212263687739507
0.156876212728829
0.26251715940433
0.525828933169912
1
0.580207948331443
0.454075425128281
0.113198343505972
0.309580661693815
0.0321788963625517
0.359935858425283
0.0919832968913906
0.931662091780813
0.147373752452298
0.435858216223182
0.927756726664371
0.543457505969844
0.446476218041324
0.235390605422036
0.868285803619216
0.778373082008909
0.157799425770825
0.580370631945658
NaN
0.0772126022796522
0.853464367293113
0.369243095604431
0.318326603135347
0.00334698951408391
0.0153148285388279
0.440507160467104
0.774621783734729
0.462483273650224
0.0469298325419009
0.924263388507351
0.0964440806820127
0.517485378130238
0.742258990890737
0.592058799669082
0.0852747600984978
0.458203266218952
0.0342738852581515
0.752861649753428
0.160339730713421
0.72082939146864
0.703725278478563
0.64975854810752
0.258950323987612
0.186734225182108
0.384616126783881
0.0309517142171479
0.586082199829954
0.183410775781546
0.596166078844953
2.6552546719255e-67
0.657160325202274
0.828766475331717
0.286141919512556
0.0786516876950909
0.928741348747341
0.80666417305916
0.568283815101469
0.662747754171019
0.521836226532206
0.171950488603703
0.574493973477406
0.00855133961250572
0.861380169074438
0.0151043666161567
0.0262850660552909
0.201900158747551
0.199979628353416
0.161489980727111
0.236398731164578
0.418559727371657
0.0167856655193776
0.835826960853345
0.389739895576757
0.267828452263421
0.347403956250154
0.990102484840345
0.920970632385776
0.0054698935941585
0.104272660555407
0.172293915921075
0.642330904573895
0.413090437413175
0.0261194825819287
0.848713351556373
0.361439374093331
0.0947805201189498
0.889956809020197
0.205039307714576
0.443692306141906
0.607883412030464
0.565522926469482
0.669065681016496
0
0.00452234907108726
0.110729812856779
0.981249054253827
0.957602419715153
0.175705768763012
0.0236676582066002
0.239566669611052
0.449771671672215
0.145720068930828
0.188462668172965
0.706443429612897
0.149721980276193
0.689825883885925
0.263386852492335
0.518859960879892
0.557860649468006
0.619244305711868
2.03060827835005e-05
0.0498818234587995
0.212024163854226
0.629440500742546
0.81588188257209
0.159871790328098
0.100996762522307
0.0174349834637983
0.240810131643698
0.0130817690883238
0.0293038887384904
0.365102383932318
0.501292632735516
0.904789338213187
0.000412676490926828
0.287463597273052
0.520056357804057
0.0180521401083599
0.0391335834464875
0.137335295769155
0.333368928357871
0.673357281585084
0
0.334039380677307
0.0781629481898028
0.888164492669215
0.629722824235801
0.621798916626636
0.319841855211757
0.98657661802599
0.202054519440789
0.946169786147703
0.580923237715433
0.00129521786181697
0.397578587101999
0.346822000409744
0.116487702421422
9.89196860863069e-05
0.209579354274346
0.930554447463501
0.727306291786138
0.0484447816063462
0.655488541075991
0.798519043072775
0.0594265950642461
0.0233464482659508
0.224174297932175
0.17549850005333
0.277991298986216
0.0921231795507878
0.61551131364916
0.690188243035488
0.0154108594623184
0.719854561000125
0.546548592998878
0.413836298643286
0.0425016700576013
0.743507413940571
0.00181901357184923
0.679062068886122
0.0399577496416692
0.423794652335168
0.743322272909574
0.155449853316865
0.310826819247551
0.616437492813383
0.331765688255831
0.258119471100485
0.193502914712887
0.875109879011348
0.874811751464485
0.0243460629333643
0.433433298976258
0.763020288898996
0.0372326305058225
0.266827714708928
0.0020854076579555
0.662007338953921
0.3792275313567
0.136918366238231
0.941232323597115
0.745119019745853
0.161904900338871
0.0807549999183817
0.0772578583770242
0.096084133583628
0.242561967927662
0.163995468053211
0.916519465366154
0.0140345659499857
0.697186946615131
0.217007171226417
NaN
0.769497092530366
0.627247056438947
0.00358344328768189
0.00531362779256628
0.166587588369936
0.112229832081298
0.489041237219801
0.58111206023056
0.693828162514915
0.332852512406999
0.895519934322086
0.0745863855572066
0.134561393978329
0.000468360229626018
0.227882202028844
0.059737414163898
0.644572962905759
0.590573065860842
0.731217597873281
0.00481872908081368
0.867254915749919
0.721770862496337
0.0108043900473419
0.110749600074187
0.384412269942345
0.163662633924652
0.164442646920453
0.666987236926076
0.3405105811878
0.873621398287142
0.611792969886931
0.546225124633567
0.615034645251699
0.735881236284637
0.208655898812339
0.895931514628243
0.626954785578499
0.683005019450527
0.438534841018299
0.0273680779725674
NaN
0.653395712983091
1
0.730894148344113
0.771937688088999
0.0305998106088913
0.545503865391403
6.5058543051633e-05
0.696172215421902
0.576858804562292
0.789961408631777
0.0226957872898434
0.819730225108262
0.811510697251153
0.0998159521938216
0.249689062417892
0.19136351361421
0.640778701939525
0.128693837329687
0.318344204408022
0.303861412487939
0.605965439275658
0.723456437140462
0.196385500196054
0.128586300804391
0.423755931486678
0.727948742902029
0.0173058574974673
0.132927056641515
4.63597428353627e-05
0.865521963444707
0.267740835780741
0.97430575207221
0.759200391466197
0.677610984569498
0.0123595416159714
0.0775181779929493
0.126472378716812
0.0431653967110034
0.231468933410112
0.113510049640946
0.203370031721589
NaN
0.337471119869217
0.0290223878738775
0.267930298806008
0.508818853601777
0.698593047733665
0.135748396015683
0.749770716861289
0.0884944295935251
0.377004564573786
0.600900195912985
0.528496782146048
0.528731211526943
0.0340845986734153
0.524061736665306
0.339002543594476
0.281194027775503
0.131237385712202
0.567657678455998
0.0435088010938463
0.987480098204385
0.958059827946947
0.257705621267735
0.163188287605171
0.236170102485236
0.00400965677926412
0.165425291992846
0.00617440331470312
0.885695369999532
0.378694707672978
0.0430075098998778
1
0.176886616993088
0.210295248475445
0.0373363912115182
0.378199695931327
0.878319953822079
0.0699835102234884
0.827791067332811
0.904039609842907
0.0182307526576439
0.00511105526737635
0.0194960473901689
0.391394668526897
5.96633111667574e-67
0.886193522686798
0.000270511743302325
0.153598556856318
0.195409868542129
0.609734044175982
0.875458105906385
0.235807358452723
0.240024191505492
0.928396193737681
0.00234481314721619
0.00574285140233029
0.945998170636883
0.0522376212662056
0.81628432060977
0.85851194228831
0.235789233150932
0.050902098708171
0.813320243837589
0.00211648088278809
0.140784681441709
0.57296487650467
0.342884876087617
0.331306410657721
0.0680598517260425
0.00385995842679756
0.301679650850113
0.00842465238524798
0.00029754346199911
0.0677547756996913
0.514225891922337
0.254083986085257
0.137006316814138
0.791398855571726
0.00529632924666109
0.947856296929711
0.0128877768181942
NaN
0.375157536746188
0.953217403562711
2.38516718955697e-07
0.442182898397784
0.0118111261402497
0.000799119992361925
0.0175521037825894
0.0506722076831162
0.300827799881257
0.0814713815484971
0.448712309588936
0.728151280684727
0.126363086196772
0.693957172945022
0.77739677374459
0.357736567169535
0.105377739382712
0.853717660037643
8.88672880070281e-05
0.820117450943429
0.80946375063766
0.0497839143562628
0.382703184431297
0.928593709815725
1.05476306976461e-06
0.00350984716067289
0.193994977716941
0.478923553883493
0.0420737537942507
0.254282561817119
0.927873591243719
0.0232172357275609
0.00637984055132848
0.255190735012915
0.0507491581615067
0.792651683411998
0.00460646075905627
0.529042822830723
0.492059825210336
0.041677751093856
0.665828629002951
0.957400000867262
0.689042815137082
0.189781820402367
0.139159749986846
0.698519815347002
0.0550455541106771
0.0121747391177054
0.135136055704189
0.514007059263606
0.93873147994566
0.200371955130493
0.0305855389725219
0.433262984961316
0.146852215655199
NaN
0.333031592843297
0.443475147986922
0.31571240229012
0.504786246523319
0.299983079136836
0.777801677175671
0.000145236451963461
0.541278878249058
0.926009164400692
0.208309744473308
0.352842491375475
0.430133231336753
0.768039662722381
0.0264217993141544
0.14040062604505
0.972789950114098
NaN
0.13962989297794
0.0230530575401925
0.0385832328413493
0.502769779342028
0.642364211318949
0.614126170557437
0.354506834134397
0.0860346497665441
0.128859533914263
0.773180304709736
0.411333353425871
0.207997978876572
0.845672157014916
0.0105781261594713
0.600961008998067
0.00666643871589034
0.924446219078721
0.0297617822214459
0.456974351071586
0.192049526040429
0.894409135477677
0.00341497442645505
0.25476581597893
0.464158072612295
6.41962946032408e-68
0.919441877396406
0.000162039464447941
0.00132408253746876
0.809878802609713
0.638828681418639
0.00930281382924102
0.018127477598231
0.0725756009773339
0.635461347178405
0.135262896539
0.206550562924015
0.219265244737226
0.0389213668973545
0.0447866681414516
0
0.519839398551098
0.535643682508008
0.384628299877123
0.0461245502175882
0.162129145663463
0.974794788572087
0.907467625820445
0.213964632921803
0.0271403853093781
0.0604114813795759
0.0967124088426452
0.00150602373394921
0.933625069915796
0.00485181059706884
0.0608955648253554
0.260606155844415
0.00771940255860146
0.0831626094409866
0.879773166341045
NaN
0.0755001899168771
0.570896185798244
0.00753185026474149
0.00020958236836338
0.295312598151606
0.580611747611522
0.546469243298162
0.461892149468867
0.0193881194451826
0.0311666957235447
1
0.284860036744118
0.713203873987214
0.617434087812128
0.0744363507881424
0.267220666038085
0.668407069252854
0.10547348738913
NaN
0.820755780879277
0.417157140011435
0.959103472869204
0.00625898327114256
0.000209914582792033
NaN
0.07484962433602
0.927735757364119
0.0106563784812936
0.0739297593691997
0.406772142286838
0.413152118940692
0.501987943532531
0.519648326505056
0.0487154089275625
0.478457172945897
0.0747315016369078
0.746698280195061
0.552458585884025
0.69190267926388
2.61909109265911e-05
0.292784036158467
0.504300524035818
0.966680098010253
0.745349376468739
0.316699937410403
0.299903818478585
0.325535682850656
0.374053272675997
0.574015387898945
0.13228640053717
0.710465164941204
0.00247241301864699
NaN
0.00284456796920229
0.136115263267517
0.683810180166528
0.220967231404501
0.245937307144959
0.503704576324065
0.101574348710801
0.00504876524954665
0.0484226921030253
0
0.747378144202771
0.408356211091287
0.284716377450963
0.0345026186320296
0.422402926216391
0.108431878641734
0.80585485274399
0.692712840734387
0.169102230582667
0.462234958141615
0.0792008242793951
0.961058825073713
0.417521382990959
0.6347010037455
0.903936917168012
0.124300372128714
0.41963687939266
0.121994333793079
0.0753773721648427
0.879862581469839
0.470037608408937
0.434417095027808
0.332025154033104
0.810756176728826
0.665561210551644
0.907478242039837
0.145526048417454
0.186659337223632
0.60368517513133
0.489440547900046
0.154444003990003
0.08287901461559
0.670878469215189
0.776483740986307
0.051561620121074
0.716525952238317
NaN
0.0684315709280903
0.577311294634927
0.177552839758514
0.809533497026329
0.340444505700289
0.166570843635914
0.0398858737399978
0.0241790625414681
0.010215426013307
0.704450347541851
0.982053775619903
0.464355301322418
0.875163398680695
0.0522258028302954
0.76678342337222
0.082854679674007
0.00313902729952594
0.713760700602725
0.105084506276023
0.610533606505293
0.560296457821935
0.0680986757689003
0.609257985358482
0.0271591140709196
0.40969972388507
0.0434976659279138
0.0111308191350008
0.213843613244102
0.0218303773072828
0.000480764880398048
0.894926666366293
0.0461697766551499
0.308623252684751
0.145460645661973
0.760848556195274
0.641549100591872
NaN
0.00622095350014069
0.364308499915527
0.00941053014662904
0.217185543108297
0.00130027320095459
0.0515669947622308
0.0780173891094805
0.655507690745263
0.0979231874149993
0.174927031187686
0.20957634910382
0.00010068824956556
0.0106149849435042
0.620017147062385
0.345456855046411
0.735935165992639
0.00802709397246919
0.0671162770086502
0.277638356071847
0.293795775574245
0.175608128814016
0.186629708046074
0.948493051995303
0.385363472427354
0.503541892152239
0.592514613768811
0.408215852275255
0.343153557912637
0.00624692390421348
0.0943215838790205
0.0155771202155952
0.153178197691065
0.360907896278794
0.484405639263105
0.64273836769275
0.0265925348724024
0.484374673122968
0.496809984790263
0.011159919787379
2.19718335056026e-05
2.33891908067231e-05
0.217418767645234
0.826216903582524
3.75081305224237e-05
0.00511134548465059
0.00555509363235799
